1 0 0 0 0 0 0 0 0 0 
1 0 0 0 0 0 0 0 0 0 
0 0 0 0 0 0 0 0 0 0 
0 0 0 0 0 0 0 0 0 0 
0 0 0 0 0 0 0 0 0 0 
0 0 0 0 0 0 0 0 0 0 
0 0 0 0 0 0 0 0 0 0 
0 0 0 0 0 0 0 0 0 0 
0 0 0 0 0 0 0 0 0 0 
0 0 0 0 0 0 0 0 0 0 

1 0 0 0 0 0 0 0 0 0 
1 0 0 0 0 0 0 0 0 0 
1 0 0 0 0 0 0 0 0 0 
0 0 0 0 0 0 0 0 0 0 
0 0 0 0 0 0 0 0 0 0 
0 0 0 0 0 0 0 0 0 0 
0 0 0 0 0 0 0 0 0 0 
0 0 0 0 0 0 0 0 0 0 
0 0 0 0 0 0 0 0 0 0 
0 0 0 0 0 0 0 0 0 0 

1 0 0 0 0 0 0 0 0 0 
1 0 0 0 0 0 0 0 0 0 
1 0 0 0 0 0 0 0 0 0 
1 0 0 0 0 0 0 0 0 0 
0 0 0 0 0 0 0 0 0 0 
0 0 0 0 0 0 0 0 0 0 
0 0 0 0 0 0 0 0 0 0 
0 0 0 0 0 0 0 0 0 0 
0 0 0 0 0 0 0 0 0 0 
0 0 0 0 0 0 0 0 0 0 

1 0 0 0 0 0 0 0 0 0 
1 0 0 0 0 0 0 0 0 0 
1 0 0 0 0 0 0 0 0 0 
1 0 0 0 0 0 0 0 0 0 
1 0 0 0 0 0 0 0 0 0 
0 0 0 0 0 0 0 0 0 0 
0 0 0 0 0 0 0 0 0 0 
0 0 0 0 0 0 0 0 0 0 
0 0 0 0 0 0 0 0 0 0 
0 0 0 0 0 0 0 0 0 0 

1 0 0 0 0 0 0 0 0 0 
1 0 0 0 0 0 0 0 0 0 
1 0 0 0 0 0 0 0 0 0 
1 0 0 0 0 0 0 0 0 0 
1 0 0 0 0 0 0 0 0 0 
1 0 0 0 0 0 0 0 0 0 
0 0 0 0 0 0 0 0 0 0 
0 0 0 0 0 0 0 0 0 0 
0 0 0 0 0 0 0 0 0 0 
0 0 0 0 0 0 0 0 0 0 

1 0 0 0 0 0 0 0 0 0 
1 0 0 0 0 0 0 0 0 0 
1 0 0 0 0 0 0 0 0 0 
1 0 0 0 0 0 0 0 0 0 
1 0 0 0 0 0 0 0 0 0 
1 0 0 0 0 0 0 0 0 0 
1 0 0 0 0 0 0 0 0 0 
0 0 0 0 0 0 0 0 0 0 
0 0 0 0 0 0 0 0 0 0 
0 0 0 0 0 0 0 0 0 0 

1 0 0 0 0 0 0 0 0 0 
1 0 0 0 0 0 0 0 0 0 
1 0 0 0 0 0 0 0 0 0 
1 0 0 0 0 0 0 0 0 0 
1 0 0 0 0 0 0 0 0 0 
1 0 0 0 0 0 0 0 0 0 
1 0 0 0 0 0 0 0 0 0 
1 0 0 0 0 0 0 0 0 0 
0 0 0 0 0 0 0 0 0 0 
0 0 0 0 0 0 0 0 0 0 

1 0 0 0 0 0 0 0 0 0 
1 0 0 0 0 0 0 0 0 0 
1 0 0 0 0 0 0 0 0 0 
1 0 0 0 0 0 0 0 0 0 
1 0 0 0 0 0 0 0 0 0 
1 0 0 0 0 0 0 0 0 0 
1 0 0 0 0 0 0 0 0 0 
1 0 0 0 0 0 0 0 0 0 
1 0 0 0 0 0 0 0 0 0 
0 0 0 0 0 0 0 0 0 0 

1 0 0 0 0 0 0 0 0 0 
1 0 0 0 0 0 0 0 0 0 
1 0 0 0 0 0 0 0 0 0 
1 0 0 0 0 0 0 0 0 0 
1 0 0 0 0 0 0 0 0 0 
1 0 0 0 0 0 0 0 0 0 
1 0 0 0 0 0 0 0 0 0 
1 0 0 0 0 0 0 0 0 0 
1 0 0 0 0 0 0 0 0 0 
1 0 0 0 0 0 0 0 0 0 

1 1 0 0 0 0 0 0 0 0 
1 1 0 0 0 0 0 0 0 0 
1 1 0 0 0 0 0 0 0 0 
1 1 0 0 0 0 0 0 0 0 
1 1 0 0 0 0 0 0 0 0 
1 1 0 0 0 0 0 0 0 0 
1 1 0 0 0 0 0 0 0 0 
1 1 0 0 0 0 0 0 0 0 
1 1 0 0 0 0 0 0 0 0 
1 1 0 0 0 0 0 0 0 0 

1 1 0 0 0 0 0 0 0 0 
1 2 0 0 0 0 0 0 0 0 
1 1 0 0 0 0 0 0 0 0 
1 1 0 0 0 0 0 0 0 0 
1 1 0 0 0 0 0 0 0 0 
1 1 0 0 0 0 0 0 0 0 
1 1 0 0 0 0 0 0 0 0 
1 1 0 0 0 0 0 0 0 0 
1 1 0 0 0 0 0 0 0 0 
1 1 0 0 0 0 0 0 0 0 

1 1 0 0 0 0 0 0 0 0 
1 2 0 0 0 0 0 0 0 0 
1 3 0 0 0 0 0 0 0 0 
1 1 0 0 0 0 0 0 0 0 
1 1 0 0 0 0 0 0 0 0 
1 1 0 0 0 0 0 0 0 0 
1 1 0 0 0 0 0 0 0 0 
1 1 0 0 0 0 0 0 0 0 
1 1 0 0 0 0 0 0 0 0 
1 1 0 0 0 0 0 0 0 0 

1 1 0 0 0 0 0 0 0 0 
1 2 0 0 0 0 0 0 0 0 
1 3 0 0 0 0 0 0 0 0 
1 4 0 0 0 0 0 0 0 0 
1 1 0 0 0 0 0 0 0 0 
1 1 0 0 0 0 0 0 0 0 
1 1 0 0 0 0 0 0 0 0 
1 1 0 0 0 0 0 0 0 0 
1 1 0 0 0 0 0 0 0 0 
1 1 0 0 0 0 0 0 0 0 

1 1 0 0 0 0 0 0 0 0 
1 2 0 0 0 0 0 0 0 0 
1 3 0 0 0 0 0 0 0 0 
1 4 0 0 0 0 0 0 0 0 
1 5 0 0 0 0 0 0 0 0 
1 1 0 0 0 0 0 0 0 0 
1 1 0 0 0 0 0 0 0 0 
1 1 0 0 0 0 0 0 0 0 
1 1 0 0 0 0 0 0 0 0 
1 1 0 0 0 0 0 0 0 0 

1 1 0 0 0 0 0 0 0 0 
1 2 0 0 0 0 0 0 0 0 
1 3 0 0 0 0 0 0 0 0 
1 4 0 0 0 0 0 0 0 0 
1 5 0 0 0 0 0 0 0 0 
1 6 0 0 0 0 0 0 0 0 
1 1 0 0 0 0 0 0 0 0 
1 1 0 0 0 0 0 0 0 0 
1 1 0 0 0 0 0 0 0 0 
1 1 0 0 0 0 0 0 0 0 

1 1 0 0 0 0 0 0 0 0 
1 2 0 0 0 0 0 0 0 0 
1 3 0 0 0 0 0 0 0 0 
1 4 0 0 0 0 0 0 0 0 
1 5 0 0 0 0 0 0 0 0 
1 6 0 0 0 0 0 0 0 0 
1 7 0 0 0 0 0 0 0 0 
1 1 0 0 0 0 0 0 0 0 
1 1 0 0 0 0 0 0 0 0 
1 1 0 0 0 0 0 0 0 0 

1 1 0 0 0 0 0 0 0 0 
1 2 0 0 0 0 0 0 0 0 
1 3 0 0 0 0 0 0 0 0 
1 4 0 0 0 0 0 0 0 0 
1 5 0 0 0 0 0 0 0 0 
1 6 0 0 0 0 0 0 0 0 
1 7 0 0 0 0 0 0 0 0 
1 8 0 0 0 0 0 0 0 0 
1 1 0 0 0 0 0 0 0 0 
1 1 0 0 0 0 0 0 0 0 

1 1 0 0 0 0 0 0 0 0 
1 2 0 0 0 0 0 0 0 0 
1 3 0 0 0 0 0 0 0 0 
1 4 0 0 0 0 0 0 0 0 
1 5 0 0 0 0 0 0 0 0 
1 6 0 0 0 0 0 0 0 0 
1 7 0 0 0 0 0 0 0 0 
1 8 0 0 0 0 0 0 0 0 
1 9 0 0 0 0 0 0 0 0 
1 1 0 0 0 0 0 0 0 0 

1 1 0 0 0 0 0 0 0 0 
1 2 0 0 0 0 0 0 0 0 
1 3 0 0 0 0 0 0 0 0 
1 4 0 0 0 0 0 0 0 0 
1 5 0 0 0 0 0 0 0 0 
1 6 0 0 0 0 0 0 0 0 
1 7 0 0 0 0 0 0 0 0 
1 8 0 0 0 0 0 0 0 0 
1 9 0 0 0 0 0 0 0 0 
1 10 0 0 0 0 0 0 0 0 

1 1 1 0 0 0 0 0 0 0 
1 2 2 0 0 0 0 0 0 0 
1 3 3 0 0 0 0 0 0 0 
1 4 4 0 0 0 0 0 0 0 
1 5 5 0 0 0 0 0 0 0 
1 6 6 0 0 0 0 0 0 0 
1 7 7 0 0 0 0 0 0 0 
1 8 8 0 0 0 0 0 0 0 
1 9 9 0 0 0 0 0 0 0 
1 10 10 0 0 0 0 0 0 0 

1 1 1 0 0 0 0 0 0 0 
1 2 3 0 0 0 0 0 0 0 
1 3 3 0 0 0 0 0 0 0 
1 4 4 0 0 0 0 0 0 0 
1 5 5 0 0 0 0 0 0 0 
1 6 6 0 0 0 0 0 0 0 
1 7 7 0 0 0 0 0 0 0 
1 8 8 0 0 0 0 0 0 0 
1 9 9 0 0 0 0 0 0 0 
1 10 10 0 0 0 0 0 0 0 

1 1 1 0 0 0 0 0 0 0 
1 2 3 0 0 0 0 0 0 0 
1 3 6 0 0 0 0 0 0 0 
1 4 4 0 0 0 0 0 0 0 
1 5 5 0 0 0 0 0 0 0 
1 6 6 0 0 0 0 0 0 0 
1 7 7 0 0 0 0 0 0 0 
1 8 8 0 0 0 0 0 0 0 
1 9 9 0 0 0 0 0 0 0 
1 10 10 0 0 0 0 0 0 0 

1 1 1 0 0 0 0 0 0 0 
1 2 3 0 0 0 0 0 0 0 
1 3 6 0 0 0 0 0 0 0 
1 4 10 0 0 0 0 0 0 0 
1 5 5 0 0 0 0 0 0 0 
1 6 6 0 0 0 0 0 0 0 
1 7 7 0 0 0 0 0 0 0 
1 8 8 0 0 0 0 0 0 0 
1 9 9 0 0 0 0 0 0 0 
1 10 10 0 0 0 0 0 0 0 

1 1 1 0 0 0 0 0 0 0 
1 2 3 0 0 0 0 0 0 0 
1 3 6 0 0 0 0 0 0 0 
1 4 10 0 0 0 0 0 0 0 
1 5 15 0 0 0 0 0 0 0 
1 6 6 0 0 0 0 0 0 0 
1 7 7 0 0 0 0 0 0 0 
1 8 8 0 0 0 0 0 0 0 
1 9 9 0 0 0 0 0 0 0 
1 10 10 0 0 0 0 0 0 0 

1 1 1 0 0 0 0 0 0 0 
1 2 3 0 0 0 0 0 0 0 
1 3 6 0 0 0 0 0 0 0 
1 4 10 0 0 0 0 0 0 0 
1 5 15 0 0 0 0 0 0 0 
1 6 21 0 0 0 0 0 0 0 
1 7 7 0 0 0 0 0 0 0 
1 8 8 0 0 0 0 0 0 0 
1 9 9 0 0 0 0 0 0 0 
1 10 10 0 0 0 0 0 0 0 

1 1 1 0 0 0 0 0 0 0 
1 2 3 0 0 0 0 0 0 0 
1 3 6 0 0 0 0 0 0 0 
1 4 10 0 0 0 0 0 0 0 
1 5 15 0 0 0 0 0 0 0 
1 6 21 0 0 0 0 0 0 0 
1 7 28 0 0 0 0 0 0 0 
1 8 8 0 0 0 0 0 0 0 
1 9 9 0 0 0 0 0 0 0 
1 10 10 0 0 0 0 0 0 0 

1 1 1 0 0 0 0 0 0 0 
1 2 3 0 0 0 0 0 0 0 
1 3 6 0 0 0 0 0 0 0 
1 4 10 0 0 0 0 0 0 0 
1 5 15 0 0 0 0 0 0 0 
1 6 21 0 0 0 0 0 0 0 
1 7 28 0 0 0 0 0 0 0 
1 8 36 0 0 0 0 0 0 0 
1 9 9 0 0 0 0 0 0 0 
1 10 10 0 0 0 0 0 0 0 

1 1 1 0 0 0 0 0 0 0 
1 2 3 0 0 0 0 0 0 0 
1 3 6 0 0 0 0 0 0 0 
1 4 10 0 0 0 0 0 0 0 
1 5 15 0 0 0 0 0 0 0 
1 6 21 0 0 0 0 0 0 0 
1 7 28 0 0 0 0 0 0 0 
1 8 36 0 0 0 0 0 0 0 
1 9 45 0 0 0 0 0 0 0 
1 10 10 0 0 0 0 0 0 0 

1 1 1 0 0 0 0 0 0 0 
1 2 3 0 0 0 0 0 0 0 
1 3 6 0 0 0 0 0 0 0 
1 4 10 0 0 0 0 0 0 0 
1 5 15 0 0 0 0 0 0 0 
1 6 21 0 0 0 0 0 0 0 
1 7 28 0 0 0 0 0 0 0 
1 8 36 0 0 0 0 0 0 0 
1 9 45 0 0 0 0 0 0 0 
1 10 55 0 0 0 0 0 0 0 

1 1 1 1 0 0 0 0 0 0 
1 2 3 3 0 0 0 0 0 0 
1 3 6 6 0 0 0 0 0 0 
1 4 10 10 0 0 0 0 0 0 
1 5 15 15 0 0 0 0 0 0 
1 6 21 21 0 0 0 0 0 0 
1 7 28 28 0 0 0 0 0 0 
1 8 36 36 0 0 0 0 0 0 
1 9 45 45 0 0 0 0 0 0 
1 10 55 55 0 0 0 0 0 0 

1 1 1 1 0 0 0 0 0 0 
1 2 3 4 0 0 0 0 0 0 
1 3 6 6 0 0 0 0 0 0 
1 4 10 10 0 0 0 0 0 0 
1 5 15 15 0 0 0 0 0 0 
1 6 21 21 0 0 0 0 0 0 
1 7 28 28 0 0 0 0 0 0 
1 8 36 36 0 0 0 0 0 0 
1 9 45 45 0 0 0 0 0 0 
1 10 55 55 0 0 0 0 0 0 

1 1 1 1 0 0 0 0 0 0 
1 2 3 4 0 0 0 0 0 0 
1 3 6 10 0 0 0 0 0 0 
1 4 10 10 0 0 0 0 0 0 
1 5 15 15 0 0 0 0 0 0 
1 6 21 21 0 0 0 0 0 0 
1 7 28 28 0 0 0 0 0 0 
1 8 36 36 0 0 0 0 0 0 
1 9 45 45 0 0 0 0 0 0 
1 10 55 55 0 0 0 0 0 0 

1 1 1 1 0 0 0 0 0 0 
1 2 3 4 0 0 0 0 0 0 
1 3 6 10 0 0 0 0 0 0 
1 4 10 20 0 0 0 0 0 0 
1 5 15 15 0 0 0 0 0 0 
1 6 21 21 0 0 0 0 0 0 
1 7 28 28 0 0 0 0 0 0 
1 8 36 36 0 0 0 0 0 0 
1 9 45 45 0 0 0 0 0 0 
1 10 55 55 0 0 0 0 0 0 

1 1 1 1 0 0 0 0 0 0 
1 2 3 4 0 0 0 0 0 0 
1 3 6 10 0 0 0 0 0 0 
1 4 10 20 0 0 0 0 0 0 
1 5 15 35 0 0 0 0 0 0 
1 6 21 21 0 0 0 0 0 0 
1 7 28 28 0 0 0 0 0 0 
1 8 36 36 0 0 0 0 0 0 
1 9 45 45 0 0 0 0 0 0 
1 10 55 55 0 0 0 0 0 0 

1 1 1 1 0 0 0 0 0 0 
1 2 3 4 0 0 0 0 0 0 
1 3 6 10 0 0 0 0 0 0 
1 4 10 20 0 0 0 0 0 0 
1 5 15 35 0 0 0 0 0 0 
1 6 21 56 0 0 0 0 0 0 
1 7 28 28 0 0 0 0 0 0 
1 8 36 36 0 0 0 0 0 0 
1 9 45 45 0 0 0 0 0 0 
1 10 55 55 0 0 0 0 0 0 

1 1 1 1 0 0 0 0 0 0 
1 2 3 4 0 0 0 0 0 0 
1 3 6 10 0 0 0 0 0 0 
1 4 10 20 0 0 0 0 0 0 
1 5 15 35 0 0 0 0 0 0 
1 6 21 56 0 0 0 0 0 0 
1 7 28 84 0 0 0 0 0 0 
1 8 36 36 0 0 0 0 0 0 
1 9 45 45 0 0 0 0 0 0 
1 10 55 55 0 0 0 0 0 0 

1 1 1 1 0 0 0 0 0 0 
1 2 3 4 0 0 0 0 0 0 
1 3 6 10 0 0 0 0 0 0 
1 4 10 20 0 0 0 0 0 0 
1 5 15 35 0 0 0 0 0 0 
1 6 21 56 0 0 0 0 0 0 
1 7 28 84 0 0 0 0 0 0 
1 8 36 120 0 0 0 0 0 0 
1 9 45 45 0 0 0 0 0 0 
1 10 55 55 0 0 0 0 0 0 

1 1 1 1 0 0 0 0 0 0 
1 2 3 4 0 0 0 0 0 0 
1 3 6 10 0 0 0 0 0 0 
1 4 10 20 0 0 0 0 0 0 
1 5 15 35 0 0 0 0 0 0 
1 6 21 56 0 0 0 0 0 0 
1 7 28 84 0 0 0 0 0 0 
1 8 36 120 0 0 0 0 0 0 
1 9 45 165 0 0 0 0 0 0 
1 10 55 55 0 0 0 0 0 0 

1 1 1 1 0 0 0 0 0 0 
1 2 3 4 0 0 0 0 0 0 
1 3 6 10 0 0 0 0 0 0 
1 4 10 20 0 0 0 0 0 0 
1 5 15 35 0 0 0 0 0 0 
1 6 21 56 0 0 0 0 0 0 
1 7 28 84 0 0 0 0 0 0 
1 8 36 120 0 0 0 0 0 0 
1 9 45 165 0 0 0 0 0 0 
1 10 55 220 0 0 0 0 0 0 

1 1 1 1 1 0 0 0 0 0 
1 2 3 4 4 0 0 0 0 0 
1 3 6 10 10 0 0 0 0 0 
1 4 10 20 20 0 0 0 0 0 
1 5 15 35 35 0 0 0 0 0 
1 6 21 56 56 0 0 0 0 0 
1 7 28 84 84 0 0 0 0 0 
1 8 36 120 120 0 0 0 0 0 
1 9 45 165 165 0 0 0 0 0 
1 10 55 220 220 0 0 0 0 0 

1 1 1 1 1 0 0 0 0 0 
1 2 3 4 5 0 0 0 0 0 
1 3 6 10 10 0 0 0 0 0 
1 4 10 20 20 0 0 0 0 0 
1 5 15 35 35 0 0 0 0 0 
1 6 21 56 56 0 0 0 0 0 
1 7 28 84 84 0 0 0 0 0 
1 8 36 120 120 0 0 0 0 0 
1 9 45 165 165 0 0 0 0 0 
1 10 55 220 220 0 0 0 0 0 

1 1 1 1 1 0 0 0 0 0 
1 2 3 4 5 0 0 0 0 0 
1 3 6 10 15 0 0 0 0 0 
1 4 10 20 20 0 0 0 0 0 
1 5 15 35 35 0 0 0 0 0 
1 6 21 56 56 0 0 0 0 0 
1 7 28 84 84 0 0 0 0 0 
1 8 36 120 120 0 0 0 0 0 
1 9 45 165 165 0 0 0 0 0 
1 10 55 220 220 0 0 0 0 0 

1 1 1 1 1 0 0 0 0 0 
1 2 3 4 5 0 0 0 0 0 
1 3 6 10 15 0 0 0 0 0 
1 4 10 20 35 0 0 0 0 0 
1 5 15 35 35 0 0 0 0 0 
1 6 21 56 56 0 0 0 0 0 
1 7 28 84 84 0 0 0 0 0 
1 8 36 120 120 0 0 0 0 0 
1 9 45 165 165 0 0 0 0 0 
1 10 55 220 220 0 0 0 0 0 

1 1 1 1 1 0 0 0 0 0 
1 2 3 4 5 0 0 0 0 0 
1 3 6 10 15 0 0 0 0 0 
1 4 10 20 35 0 0 0 0 0 
1 5 15 35 70 0 0 0 0 0 
1 6 21 56 56 0 0 0 0 0 
1 7 28 84 84 0 0 0 0 0 
1 8 36 120 120 0 0 0 0 0 
1 9 45 165 165 0 0 0 0 0 
1 10 55 220 220 0 0 0 0 0 

1 1 1 1 1 0 0 0 0 0 
1 2 3 4 5 0 0 0 0 0 
1 3 6 10 15 0 0 0 0 0 
1 4 10 20 35 0 0 0 0 0 
1 5 15 35 70 0 0 0 0 0 
1 6 21 56 126 0 0 0 0 0 
1 7 28 84 84 0 0 0 0 0 
1 8 36 120 120 0 0 0 0 0 
1 9 45 165 165 0 0 0 0 0 
1 10 55 220 220 0 0 0 0 0 

1 1 1 1 1 0 0 0 0 0 
1 2 3 4 5 0 0 0 0 0 
1 3 6 10 15 0 0 0 0 0 
1 4 10 20 35 0 0 0 0 0 
1 5 15 35 70 0 0 0 0 0 
1 6 21 56 126 0 0 0 0 0 
1 7 28 84 210 0 0 0 0 0 
1 8 36 120 120 0 0 0 0 0 
1 9 45 165 165 0 0 0 0 0 
1 10 55 220 220 0 0 0 0 0 

1 1 1 1 1 0 0 0 0 0 
1 2 3 4 5 0 0 0 0 0 
1 3 6 10 15 0 0 0 0 0 
1 4 10 20 35 0 0 0 0 0 
1 5 15 35 70 0 0 0 0 0 
1 6 21 56 126 0 0 0 0 0 
1 7 28 84 210 0 0 0 0 0 
1 8 36 120 330 0 0 0 0 0 
1 9 45 165 165 0 0 0 0 0 
1 10 55 220 220 0 0 0 0 0 

1 1 1 1 1 0 0 0 0 0 
1 2 3 4 5 0 0 0 0 0 
1 3 6 10 15 0 0 0 0 0 
1 4 10 20 35 0 0 0 0 0 
1 5 15 35 70 0 0 0 0 0 
1 6 21 56 126 0 0 0 0 0 
1 7 28 84 210 0 0 0 0 0 
1 8 36 120 330 0 0 0 0 0 
1 9 45 165 495 0 0 0 0 0 
1 10 55 220 220 0 0 0 0 0 

1 1 1 1 1 0 0 0 0 0 
1 2 3 4 5 0 0 0 0 0 
1 3 6 10 15 0 0 0 0 0 
1 4 10 20 35 0 0 0 0 0 
1 5 15 35 70 0 0 0 0 0 
1 6 21 56 126 0 0 0 0 0 
1 7 28 84 210 0 0 0 0 0 
1 8 36 120 330 0 0 0 0 0 
1 9 45 165 495 0 0 0 0 0 
1 10 55 220 715 0 0 0 0 0 

1 1 1 1 1 1 0 0 0 0 
1 2 3 4 5 5 0 0 0 0 
1 3 6 10 15 15 0 0 0 0 
1 4 10 20 35 35 0 0 0 0 
1 5 15 35 70 70 0 0 0 0 
1 6 21 56 126 126 0 0 0 0 
1 7 28 84 210 210 0 0 0 0 
1 8 36 120 330 330 0 0 0 0 
1 9 45 165 495 495 0 0 0 0 
1 10 55 220 715 715 0 0 0 0 

1 1 1 1 1 1 0 0 0 0 
1 2 3 4 5 6 0 0 0 0 
1 3 6 10 15 15 0 0 0 0 
1 4 10 20 35 35 0 0 0 0 
1 5 15 35 70 70 0 0 0 0 
1 6 21 56 126 126 0 0 0 0 
1 7 28 84 210 210 0 0 0 0 
1 8 36 120 330 330 0 0 0 0 
1 9 45 165 495 495 0 0 0 0 
1 10 55 220 715 715 0 0 0 0 

1 1 1 1 1 1 0 0 0 0 
1 2 3 4 5 6 0 0 0 0 
1 3 6 10 15 21 0 0 0 0 
1 4 10 20 35 35 0 0 0 0 
1 5 15 35 70 70 0 0 0 0 
1 6 21 56 126 126 0 0 0 0 
1 7 28 84 210 210 0 0 0 0 
1 8 36 120 330 330 0 0 0 0 
1 9 45 165 495 495 0 0 0 0 
1 10 55 220 715 715 0 0 0 0 

1 1 1 1 1 1 0 0 0 0 
1 2 3 4 5 6 0 0 0 0 
1 3 6 10 15 21 0 0 0 0 
1 4 10 20 35 56 0 0 0 0 
1 5 15 35 70 70 0 0 0 0 
1 6 21 56 126 126 0 0 0 0 
1 7 28 84 210 210 0 0 0 0 
1 8 36 120 330 330 0 0 0 0 
1 9 45 165 495 495 0 0 0 0 
1 10 55 220 715 715 0 0 0 0 

1 1 1 1 1 1 0 0 0 0 
1 2 3 4 5 6 0 0 0 0 
1 3 6 10 15 21 0 0 0 0 
1 4 10 20 35 56 0 0 0 0 
1 5 15 35 70 126 0 0 0 0 
1 6 21 56 126 126 0 0 0 0 
1 7 28 84 210 210 0 0 0 0 
1 8 36 120 330 330 0 0 0 0 
1 9 45 165 495 495 0 0 0 0 
1 10 55 220 715 715 0 0 0 0 

1 1 1 1 1 1 0 0 0 0 
1 2 3 4 5 6 0 0 0 0 
1 3 6 10 15 21 0 0 0 0 
1 4 10 20 35 56 0 0 0 0 
1 5 15 35 70 126 0 0 0 0 
1 6 21 56 126 252 0 0 0 0 
1 7 28 84 210 210 0 0 0 0 
1 8 36 120 330 330 0 0 0 0 
1 9 45 165 495 495 0 0 0 0 
1 10 55 220 715 715 0 0 0 0 

1 1 1 1 1 1 0 0 0 0 
1 2 3 4 5 6 0 0 0 0 
1 3 6 10 15 21 0 0 0 0 
1 4 10 20 35 56 0 0 0 0 
1 5 15 35 70 126 0 0 0 0 
1 6 21 56 126 252 0 0 0 0 
1 7 28 84 210 462 0 0 0 0 
1 8 36 120 330 330 0 0 0 0 
1 9 45 165 495 495 0 0 0 0 
1 10 55 220 715 715 0 0 0 0 

1 1 1 1 1 1 0 0 0 0 
1 2 3 4 5 6 0 0 0 0 
1 3 6 10 15 21 0 0 0 0 
1 4 10 20 35 56 0 0 0 0 
1 5 15 35 70 126 0 0 0 0 
1 6 21 56 126 252 0 0 0 0 
1 7 28 84 210 462 0 0 0 0 
1 8 36 120 330 792 0 0 0 0 
1 9 45 165 495 495 0 0 0 0 
1 10 55 220 715 715 0 0 0 0 

1 1 1 1 1 1 0 0 0 0 
1 2 3 4 5 6 0 0 0 0 
1 3 6 10 15 21 0 0 0 0 
1 4 10 20 35 56 0 0 0 0 
1 5 15 35 70 126 0 0 0 0 
1 6 21 56 126 252 0 0 0 0 
1 7 28 84 210 462 0 0 0 0 
1 8 36 120 330 792 0 0 0 0 
1 9 45 165 495 1287 0 0 0 0 
1 10 55 220 715 715 0 0 0 0 

1 1 1 1 1 1 0 0 0 0 
1 2 3 4 5 6 0 0 0 0 
1 3 6 10 15 21 0 0 0 0 
1 4 10 20 35 56 0 0 0 0 
1 5 15 35 70 126 0 0 0 0 
1 6 21 56 126 252 0 0 0 0 
1 7 28 84 210 462 0 0 0 0 
1 8 36 120 330 792 0 0 0 0 
1 9 45 165 495 1287 0 0 0 0 
1 10 55 220 715 2002 0 0 0 0 

1 1 1 1 1 1 1 0 0 0 
1 2 3 4 5 6 6 0 0 0 
1 3 6 10 15 21 21 0 0 0 
1 4 10 20 35 56 56 0 0 0 
1 5 15 35 70 126 126 0 0 0 
1 6 21 56 126 252 252 0 0 0 
1 7 28 84 210 462 462 0 0 0 
1 8 36 120 330 792 792 0 0 0 
1 9 45 165 495 1287 1287 0 0 0 
1 10 55 220 715 2002 2002 0 0 0 

1 1 1 1 1 1 1 0 0 0 
1 2 3 4 5 6 7 0 0 0 
1 3 6 10 15 21 21 0 0 0 
1 4 10 20 35 56 56 0 0 0 
1 5 15 35 70 126 126 0 0 0 
1 6 21 56 126 252 252 0 0 0 
1 7 28 84 210 462 462 0 0 0 
1 8 36 120 330 792 792 0 0 0 
1 9 45 165 495 1287 1287 0 0 0 
1 10 55 220 715 2002 2002 0 0 0 

1 1 1 1 1 1 1 0 0 0 
1 2 3 4 5 6 7 0 0 0 
1 3 6 10 15 21 28 0 0 0 
1 4 10 20 35 56 56 0 0 0 
1 5 15 35 70 126 126 0 0 0 
1 6 21 56 126 252 252 0 0 0 
1 7 28 84 210 462 462 0 0 0 
1 8 36 120 330 792 792 0 0 0 
1 9 45 165 495 1287 1287 0 0 0 
1 10 55 220 715 2002 2002 0 0 0 

1 1 1 1 1 1 1 0 0 0 
1 2 3 4 5 6 7 0 0 0 
1 3 6 10 15 21 28 0 0 0 
1 4 10 20 35 56 84 0 0 0 
1 5 15 35 70 126 126 0 0 0 
1 6 21 56 126 252 252 0 0 0 
1 7 28 84 210 462 462 0 0 0 
1 8 36 120 330 792 792 0 0 0 
1 9 45 165 495 1287 1287 0 0 0 
1 10 55 220 715 2002 2002 0 0 0 

1 1 1 1 1 1 1 0 0 0 
1 2 3 4 5 6 7 0 0 0 
1 3 6 10 15 21 28 0 0 0 
1 4 10 20 35 56 84 0 0 0 
1 5 15 35 70 126 210 0 0 0 
1 6 21 56 126 252 252 0 0 0 
1 7 28 84 210 462 462 0 0 0 
1 8 36 120 330 792 792 0 0 0 
1 9 45 165 495 1287 1287 0 0 0 
1 10 55 220 715 2002 2002 0 0 0 

1 1 1 1 1 1 1 0 0 0 
1 2 3 4 5 6 7 0 0 0 
1 3 6 10 15 21 28 0 0 0 
1 4 10 20 35 56 84 0 0 0 
1 5 15 35 70 126 210 0 0 0 
1 6 21 56 126 252 462 0 0 0 
1 7 28 84 210 462 462 0 0 0 
1 8 36 120 330 792 792 0 0 0 
1 9 45 165 495 1287 1287 0 0 0 
1 10 55 220 715 2002 2002 0 0 0 

1 1 1 1 1 1 1 0 0 0 
1 2 3 4 5 6 7 0 0 0 
1 3 6 10 15 21 28 0 0 0 
1 4 10 20 35 56 84 0 0 0 
1 5 15 35 70 126 210 0 0 0 
1 6 21 56 126 252 462 0 0 0 
1 7 28 84 210 462 924 0 0 0 
1 8 36 120 330 792 792 0 0 0 
1 9 45 165 495 1287 1287 0 0 0 
1 10 55 220 715 2002 2002 0 0 0 

1 1 1 1 1 1 1 0 0 0 
1 2 3 4 5 6 7 0 0 0 
1 3 6 10 15 21 28 0 0 0 
1 4 10 20 35 56 84 0 0 0 
1 5 15 35 70 126 210 0 0 0 
1 6 21 56 126 252 462 0 0 0 
1 7 28 84 210 462 924 0 0 0 
1 8 36 120 330 792 1716 0 0 0 
1 9 45 165 495 1287 1287 0 0 0 
1 10 55 220 715 2002 2002 0 0 0 

1 1 1 1 1 1 1 0 0 0 
1 2 3 4 5 6 7 0 0 0 
1 3 6 10 15 21 28 0 0 0 
1 4 10 20 35 56 84 0 0 0 
1 5 15 35 70 126 210 0 0 0 
1 6 21 56 126 252 462 0 0 0 
1 7 28 84 210 462 924 0 0 0 
1 8 36 120 330 792 1716 0 0 0 
1 9 45 165 495 1287 3003 0 0 0 
1 10 55 220 715 2002 2002 0 0 0 

1 1 1 1 1 1 1 0 0 0 
1 2 3 4 5 6 7 0 0 0 
1 3 6 10 15 21 28 0 0 0 
1 4 10 20 35 56 84 0 0 0 
1 5 15 35 70 126 210 0 0 0 
1 6 21 56 126 252 462 0 0 0 
1 7 28 84 210 462 924 0 0 0 
1 8 36 120 330 792 1716 0 0 0 
1 9 45 165 495 1287 3003 0 0 0 
1 10 55 220 715 2002 5005 0 0 0 

1 1 1 1 1 1 1 1 0 0 
1 2 3 4 5 6 7 7 0 0 
1 3 6 10 15 21 28 28 0 0 
1 4 10 20 35 56 84 84 0 0 
1 5 15 35 70 126 210 210 0 0 
1 6 21 56 126 252 462 462 0 0 
1 7 28 84 210 462 924 924 0 0 
1 8 36 120 330 792 1716 1716 0 0 
1 9 45 165 495 1287 3003 3003 0 0 
1 10 55 220 715 2002 5005 5005 0 0 

1 1 1 1 1 1 1 1 0 0 
1 2 3 4 5 6 7 8 0 0 
1 3 6 10 15 21 28 28 0 0 
1 4 10 20 35 56 84 84 0 0 
1 5 15 35 70 126 210 210 0 0 
1 6 21 56 126 252 462 462 0 0 
1 7 28 84 210 462 924 924 0 0 
1 8 36 120 330 792 1716 1716 0 0 
1 9 45 165 495 1287 3003 3003 0 0 
1 10 55 220 715 2002 5005 5005 0 0 

1 1 1 1 1 1 1 1 0 0 
1 2 3 4 5 6 7 8 0 0 
1 3 6 10 15 21 28 36 0 0 
1 4 10 20 35 56 84 84 0 0 
1 5 15 35 70 126 210 210 0 0 
1 6 21 56 126 252 462 462 0 0 
1 7 28 84 210 462 924 924 0 0 
1 8 36 120 330 792 1716 1716 0 0 
1 9 45 165 495 1287 3003 3003 0 0 
1 10 55 220 715 2002 5005 5005 0 0 

1 1 1 1 1 1 1 1 0 0 
1 2 3 4 5 6 7 8 0 0 
1 3 6 10 15 21 28 36 0 0 
1 4 10 20 35 56 84 120 0 0 
1 5 15 35 70 126 210 210 0 0 
1 6 21 56 126 252 462 462 0 0 
1 7 28 84 210 462 924 924 0 0 
1 8 36 120 330 792 1716 1716 0 0 
1 9 45 165 495 1287 3003 3003 0 0 
1 10 55 220 715 2002 5005 5005 0 0 

1 1 1 1 1 1 1 1 0 0 
1 2 3 4 5 6 7 8 0 0 
1 3 6 10 15 21 28 36 0 0 
1 4 10 20 35 56 84 120 0 0 
1 5 15 35 70 126 210 330 0 0 
1 6 21 56 126 252 462 462 0 0 
1 7 28 84 210 462 924 924 0 0 
1 8 36 120 330 792 1716 1716 0 0 
1 9 45 165 495 1287 3003 3003 0 0 
1 10 55 220 715 2002 5005 5005 0 0 

1 1 1 1 1 1 1 1 0 0 
1 2 3 4 5 6 7 8 0 0 
1 3 6 10 15 21 28 36 0 0 
1 4 10 20 35 56 84 120 0 0 
1 5 15 35 70 126 210 330 0 0 
1 6 21 56 126 252 462 792 0 0 
1 7 28 84 210 462 924 924 0 0 
1 8 36 120 330 792 1716 1716 0 0 
1 9 45 165 495 1287 3003 3003 0 0 
1 10 55 220 715 2002 5005 5005 0 0 

1 1 1 1 1 1 1 1 0 0 
1 2 3 4 5 6 7 8 0 0 
1 3 6 10 15 21 28 36 0 0 
1 4 10 20 35 56 84 120 0 0 
1 5 15 35 70 126 210 330 0 0 
1 6 21 56 126 252 462 792 0 0 
1 7 28 84 210 462 924 1716 0 0 
1 8 36 120 330 792 1716 1716 0 0 
1 9 45 165 495 1287 3003 3003 0 0 
1 10 55 220 715 2002 5005 5005 0 0 

1 1 1 1 1 1 1 1 0 0 
1 2 3 4 5 6 7 8 0 0 
1 3 6 10 15 21 28 36 0 0 
1 4 10 20 35 56 84 120 0 0 
1 5 15 35 70 126 210 330 0 0 
1 6 21 56 126 252 462 792 0 0 
1 7 28 84 210 462 924 1716 0 0 
1 8 36 120 330 792 1716 3432 0 0 
1 9 45 165 495 1287 3003 3003 0 0 
1 10 55 220 715 2002 5005 5005 0 0 

1 1 1 1 1 1 1 1 0 0 
1 2 3 4 5 6 7 8 0 0 
1 3 6 10 15 21 28 36 0 0 
1 4 10 20 35 56 84 120 0 0 
1 5 15 35 70 126 210 330 0 0 
1 6 21 56 126 252 462 792 0 0 
1 7 28 84 210 462 924 1716 0 0 
1 8 36 120 330 792 1716 3432 0 0 
1 9 45 165 495 1287 3003 6435 0 0 
1 10 55 220 715 2002 5005 5005 0 0 

1 1 1 1 1 1 1 1 0 0 
1 2 3 4 5 6 7 8 0 0 
1 3 6 10 15 21 28 36 0 0 
1 4 10 20 35 56 84 120 0 0 
1 5 15 35 70 126 210 330 0 0 
1 6 21 56 126 252 462 792 0 0 
1 7 28 84 210 462 924 1716 0 0 
1 8 36 120 330 792 1716 3432 0 0 
1 9 45 165 495 1287 3003 6435 0 0 
1 10 55 220 715 2002 5005 11440 0 0 

1 1 1 1 1 1 1 1 1 0 
1 2 3 4 5 6 7 8 8 0 
1 3 6 10 15 21 28 36 36 0 
1 4 10 20 35 56 84 120 120 0 
1 5 15 35 70 126 210 330 330 0 
1 6 21 56 126 252 462 792 792 0 
1 7 28 84 210 462 924 1716 1716 0 
1 8 36 120 330 792 1716 3432 3432 0 
1 9 45 165 495 1287 3003 6435 6435 0 
1 10 55 220 715 2002 5005 11440 11440 0 

1 1 1 1 1 1 1 1 1 0 
1 2 3 4 5 6 7 8 9 0 
1 3 6 10 15 21 28 36 36 0 
1 4 10 20 35 56 84 120 120 0 
1 5 15 35 70 126 210 330 330 0 
1 6 21 56 126 252 462 792 792 0 
1 7 28 84 210 462 924 1716 1716 0 
1 8 36 120 330 792 1716 3432 3432 0 
1 9 45 165 495 1287 3003 6435 6435 0 
1 10 55 220 715 2002 5005 11440 11440 0 

1 1 1 1 1 1 1 1 1 0 
1 2 3 4 5 6 7 8 9 0 
1 3 6 10 15 21 28 36 45 0 
1 4 10 20 35 56 84 120 120 0 
1 5 15 35 70 126 210 330 330 0 
1 6 21 56 126 252 462 792 792 0 
1 7 28 84 210 462 924 1716 1716 0 
1 8 36 120 330 792 1716 3432 3432 0 
1 9 45 165 495 1287 3003 6435 6435 0 
1 10 55 220 715 2002 5005 11440 11440 0 

1 1 1 1 1 1 1 1 1 0 
1 2 3 4 5 6 7 8 9 0 
1 3 6 10 15 21 28 36 45 0 
1 4 10 20 35 56 84 120 165 0 
1 5 15 35 70 126 210 330 330 0 
1 6 21 56 126 252 462 792 792 0 
1 7 28 84 210 462 924 1716 1716 0 
1 8 36 120 330 792 1716 3432 3432 0 
1 9 45 165 495 1287 3003 6435 6435 0 
1 10 55 220 715 2002 5005 11440 11440 0 

1 1 1 1 1 1 1 1 1 0 
1 2 3 4 5 6 7 8 9 0 
1 3 6 10 15 21 28 36 45 0 
1 4 10 20 35 56 84 120 165 0 
1 5 15 35 70 126 210 330 495 0 
1 6 21 56 126 252 462 792 792 0 
1 7 28 84 210 462 924 1716 1716 0 
1 8 36 120 330 792 1716 3432 3432 0 
1 9 45 165 495 1287 3003 6435 6435 0 
1 10 55 220 715 2002 5005 11440 11440 0 

1 1 1 1 1 1 1 1 1 0 
1 2 3 4 5 6 7 8 9 0 
1 3 6 10 15 21 28 36 45 0 
1 4 10 20 35 56 84 120 165 0 
1 5 15 35 70 126 210 330 495 0 
1 6 21 56 126 252 462 792 1287 0 
1 7 28 84 210 462 924 1716 1716 0 
1 8 36 120 330 792 1716 3432 3432 0 
1 9 45 165 495 1287 3003 6435 6435 0 
1 10 55 220 715 2002 5005 11440 11440 0 

1 1 1 1 1 1 1 1 1 0 
1 2 3 4 5 6 7 8 9 0 
1 3 6 10 15 21 28 36 45 0 
1 4 10 20 35 56 84 120 165 0 
1 5 15 35 70 126 210 330 495 0 
1 6 21 56 126 252 462 792 1287 0 
1 7 28 84 210 462 924 1716 3003 0 
1 8 36 120 330 792 1716 3432 3432 0 
1 9 45 165 495 1287 3003 6435 6435 0 
1 10 55 220 715 2002 5005 11440 11440 0 

1 1 1 1 1 1 1 1 1 0 
1 2 3 4 5 6 7 8 9 0 
1 3 6 10 15 21 28 36 45 0 
1 4 10 20 35 56 84 120 165 0 
1 5 15 35 70 126 210 330 495 0 
1 6 21 56 126 252 462 792 1287 0 
1 7 28 84 210 462 924 1716 3003 0 
1 8 36 120 330 792 1716 3432 6435 0 
1 9 45 165 495 1287 3003 6435 6435 0 
1 10 55 220 715 2002 5005 11440 11440 0 

1 1 1 1 1 1 1 1 1 0 
1 2 3 4 5 6 7 8 9 0 
1 3 6 10 15 21 28 36 45 0 
1 4 10 20 35 56 84 120 165 0 
1 5 15 35 70 126 210 330 495 0 
1 6 21 56 126 252 462 792 1287 0 
1 7 28 84 210 462 924 1716 3003 0 
1 8 36 120 330 792 1716 3432 6435 0 
1 9 45 165 495 1287 3003 6435 12870 0 
1 10 55 220 715 2002 5005 11440 11440 0 

1 1 1 1 1 1 1 1 1 0 
1 2 3 4 5 6 7 8 9 0 
1 3 6 10 15 21 28 36 45 0 
1 4 10 20 35 56 84 120 165 0 
1 5 15 35 70 126 210 330 495 0 
1 6 21 56 126 252 462 792 1287 0 
1 7 28 84 210 462 924 1716 3003 0 
1 8 36 120 330 792 1716 3432 6435 0 
1 9 45 165 495 1287 3003 6435 12870 0 
1 10 55 220 715 2002 5005 11440 24310 0 

1 1 1 1 1 1 1 1 1 1 
1 2 3 4 5 6 7 8 9 9 
1 3 6 10 15 21 28 36 45 45 
1 4 10 20 35 56 84 120 165 165 
1 5 15 35 70 126 210 330 495 495 
1 6 21 56 126 252 462 792 1287 1287 
1 7 28 84 210 462 924 1716 3003 3003 
1 8 36 120 330 792 1716 3432 6435 6435 
1 9 45 165 495 1287 3003 6435 12870 12870 
1 10 55 220 715 2002 5005 11440 24310 24310 

1 1 1 1 1 1 1 1 1 1 
1 2 3 4 5 6 7 8 9 10 
1 3 6 10 15 21 28 36 45 45 
1 4 10 20 35 56 84 120 165 165 
1 5 15 35 70 126 210 330 495 495 
1 6 21 56 126 252 462 792 1287 1287 
1 7 28 84 210 462 924 1716 3003 3003 
1 8 36 120 330 792 1716 3432 6435 6435 
1 9 45 165 495 1287 3003 6435 12870 12870 
1 10 55 220 715 2002 5005 11440 24310 24310 

1 1 1 1 1 1 1 1 1 1 
1 2 3 4 5 6 7 8 9 10 
1 3 6 10 15 21 28 36 45 55 
1 4 10 20 35 56 84 120 165 165 
1 5 15 35 70 126 210 330 495 495 
1 6 21 56 126 252 462 792 1287 1287 
1 7 28 84 210 462 924 1716 3003 3003 
1 8 36 120 330 792 1716 3432 6435 6435 
1 9 45 165 495 1287 3003 6435 12870 12870 
1 10 55 220 715 2002 5005 11440 24310 24310 

1 1 1 1 1 1 1 1 1 1 
1 2 3 4 5 6 7 8 9 10 
1 3 6 10 15 21 28 36 45 55 
1 4 10 20 35 56 84 120 165 220 
1 5 15 35 70 126 210 330 495 495 
1 6 21 56 126 252 462 792 1287 1287 
1 7 28 84 210 462 924 1716 3003 3003 
1 8 36 120 330 792 1716 3432 6435 6435 
1 9 45 165 495 1287 3003 6435 12870 12870 
1 10 55 220 715 2002 5005 11440 24310 24310 

1 1 1 1 1 1 1 1 1 1 
1 2 3 4 5 6 7 8 9 10 
1 3 6 10 15 21 28 36 45 55 
1 4 10 20 35 56 84 120 165 220 
1 5 15 35 70 126 210 330 495 715 
1 6 21 56 126 252 462 792 1287 1287 
1 7 28 84 210 462 924 1716 3003 3003 
1 8 36 120 330 792 1716 3432 6435 6435 
1 9 45 165 495 1287 3003 6435 12870 12870 
1 10 55 220 715 2002 5005 11440 24310 24310 

1 1 1 1 1 1 1 1 1 1 
1 2 3 4 5 6 7 8 9 10 
1 3 6 10 15 21 28 36 45 55 
1 4 10 20 35 56 84 120 165 220 
1 5 15 35 70 126 210 330 495 715 
1 6 21 56 126 252 462 792 1287 2002 
1 7 28 84 210 462 924 1716 3003 3003 
1 8 36 120 330 792 1716 3432 6435 6435 
1 9 45 165 495 1287 3003 6435 12870 12870 
1 10 55 220 715 2002 5005 11440 24310 24310 

1 1 1 1 1 1 1 1 1 1 
1 2 3 4 5 6 7 8 9 10 
1 3 6 10 15 21 28 36 45 55 
1 4 10 20 35 56 84 120 165 220 
1 5 15 35 70 126 210 330 495 715 
1 6 21 56 126 252 462 792 1287 2002 
1 7 28 84 210 462 924 1716 3003 5005 
1 8 36 120 330 792 1716 3432 6435 6435 
1 9 45 165 495 1287 3003 6435 12870 12870 
1 10 55 220 715 2002 5005 11440 24310 24310 

1 1 1 1 1 1 1 1 1 1 
1 2 3 4 5 6 7 8 9 10 
1 3 6 10 15 21 28 36 45 55 
1 4 10 20 35 56 84 120 165 220 
1 5 15 35 70 126 210 330 495 715 
1 6 21 56 126 252 462 792 1287 2002 
1 7 28 84 210 462 924 1716 3003 5005 
1 8 36 120 330 792 1716 3432 6435 11440 
1 9 45 165 495 1287 3003 6435 12870 12870 
1 10 55 220 715 2002 5005 11440 24310 24310 

1 1 1 1 1 1 1 1 1 1 
1 2 3 4 5 6 7 8 9 10 
1 3 6 10 15 21 28 36 45 55 
1 4 10 20 35 56 84 120 165 220 
1 5 15 35 70 126 210 330 495 715 
1 6 21 56 126 252 462 792 1287 2002 
1 7 28 84 210 462 924 1716 3003 5005 
1 8 36 120 330 792 1716 3432 6435 11440 
1 9 45 165 495 1287 3003 6435 12870 24310 
1 10 55 220 715 2002 5005 11440 24310 24310 

1 1 1 1 1 1 1 1 1 1 
1 2 3 4 5 6 7 8 9 10 
1 3 6 10 15 21 28 36 45 55 
1 4 10 20 35 56 84 120 165 220 
1 5 15 35 70 126 210 330 495 715 
1 6 21 56 126 252 462 792 1287 2002 
1 7 28 84 210 462 924 1716 3003 5005 
1 8 36 120 330 792 1716 3432 6435 11440 
1 9 45 165 495 1287 3003 6435 12870 24310 
1 10 55 220 715 2002 5005 11440 24310 48620 

48620
