10 9
0 0 0 0 0 0 0 0 0 0 
0 0 0 0 0 0 0 0 0 0 
0 0 0 0 0 0 0 0 0 0 
0 0 0 0 0 0 0 0 0 0 
0 0 0 0 0 0 0 0 0 0 
0 0 0 0 0 0 0 0 0 0 
0 0 0 0 0 0 0 0 0 0 
0 0 0 0 0 0 0 0 0 0 
0 0 0 0 0 0 0 0 0 0 
0 0 0 0 0 0 0 0 1 0 

10 8
0 0 0 0 0 0 0 0 0 0 
0 0 0 0 0 0 0 0 0 0 
0 0 0 0 0 0 0 0 0 0 
0 0 0 0 0 0 0 0 0 0 
0 0 0 0 0 0 0 0 0 0 
0 0 0 0 0 0 0 0 0 0 
0 0 0 0 0 0 0 0 0 0 
0 0 0 0 0 0 0 0 0 0 
0 0 0 0 0 0 0 0 0 0 
0 0 0 0 0 0 0 1 1 0 

10 7
0 0 0 0 0 0 0 0 0 0 
0 0 0 0 0 0 0 0 0 0 
0 0 0 0 0 0 0 0 0 0 
0 0 0 0 0 0 0 0 0 0 
0 0 0 0 0 0 0 0 0 0 
0 0 0 0 0 0 0 0 0 0 
0 0 0 0 0 0 0 0 0 0 
0 0 0 0 0 0 0 0 0 0 
0 0 0 0 0 0 0 0 0 0 
0 0 0 0 0 0 1 1 1 0 

10 6
0 0 0 0 0 0 0 0 0 0 
0 0 0 0 0 0 0 0 0 0 
0 0 0 0 0 0 0 0 0 0 
0 0 0 0 0 0 0 0 0 0 
0 0 0 0 0 0 0 0 0 0 
0 0 0 0 0 0 0 0 0 0 
0 0 0 0 0 0 0 0 0 0 
0 0 0 0 0 0 0 0 0 0 
0 0 0 0 0 0 0 0 0 0 
0 0 0 0 0 1 1 1 1 0 

10 5
0 0 0 0 0 0 0 0 0 0 
0 0 0 0 0 0 0 0 0 0 
0 0 0 0 0 0 0 0 0 0 
0 0 0 0 0 0 0 0 0 0 
0 0 0 0 0 0 0 0 0 0 
0 0 0 0 0 0 0 0 0 0 
0 0 0 0 0 0 0 0 0 0 
0 0 0 0 0 0 0 0 0 0 
0 0 0 0 0 0 0 0 0 0 
0 0 0 0 1 1 1 1 1 0 

10 4
0 0 0 0 0 0 0 0 0 0 
0 0 0 0 0 0 0 0 0 0 
0 0 0 0 0 0 0 0 0 0 
0 0 0 0 0 0 0 0 0 0 
0 0 0 0 0 0 0 0 0 0 
0 0 0 0 0 0 0 0 0 0 
0 0 0 0 0 0 0 0 0 0 
0 0 0 0 0 0 0 0 0 0 
0 0 0 0 0 0 0 0 0 0 
0 0 0 1 1 1 1 1 1 0 

10 3
0 0 0 0 0 0 0 0 0 0 
0 0 0 0 0 0 0 0 0 0 
0 0 0 0 0 0 0 0 0 0 
0 0 0 0 0 0 0 0 0 0 
0 0 0 0 0 0 0 0 0 0 
0 0 0 0 0 0 0 0 0 0 
0 0 0 0 0 0 0 0 0 0 
0 0 0 0 0 0 0 0 0 0 
0 0 0 0 0 0 0 0 0 0 
0 0 1 1 1 1 1 1 1 0 

10 2
0 0 0 0 0 0 0 0 0 0 
0 0 0 0 0 0 0 0 0 0 
0 0 0 0 0 0 0 0 0 0 
0 0 0 0 0 0 0 0 0 0 
0 0 0 0 0 0 0 0 0 0 
0 0 0 0 0 0 0 0 0 0 
0 0 0 0 0 0 0 0 0 0 
0 0 0 0 0 0 0 0 0 0 
0 0 0 0 0 0 0 0 0 0 
0 1 1 1 1 1 1 1 1 0 

10 1
0 0 0 0 0 0 0 0 0 0 
0 0 0 0 0 0 0 0 0 0 
0 0 0 0 0 0 0 0 0 0 
0 0 0 0 0 0 0 0 0 0 
0 0 0 0 0 0 0 0 0 0 
0 0 0 0 0 0 0 0 0 0 
0 0 0 0 0 0 0 0 0 0 
0 0 0 0 0 0 0 0 0 0 
0 0 0 0 0 0 0 0 0 0 
1 1 1 1 1 1 1 1 1 0 

9 10
0 0 0 0 0 0 0 0 0 0 
0 0 0 0 0 0 0 0 0 0 
0 0 0 0 0 0 0 0 0 0 
0 0 0 0 0 0 0 0 0 0 
0 0 0 0 0 0 0 0 0 0 
0 0 0 0 0 0 0 0 0 0 
0 0 0 0 0 0 0 0 0 0 
0 0 0 0 0 0 0 0 0 0 
1 1 1 1 1 1 1 1 1 1 
1 1 1 1 1 1 1 1 1 0 

9 9
0 0 0 0 0 0 0 0 0 0 
0 0 0 0 0 0 0 0 0 0 
0 0 0 0 0 0 0 0 0 0 
0 0 0 0 0 0 0 0 0 0 
0 0 0 0 0 0 0 0 0 0 
0 0 0 0 0 0 0 0 0 0 
0 0 0 0 0 0 0 0 0 0 
0 0 0 0 0 0 0 0 0 0 
1 1 1 1 1 1 1 1 2 1 
1 1 1 1 1 1 1 1 1 0 

9 8
0 0 0 0 0 0 0 0 0 0 
0 0 0 0 0 0 0 0 0 0 
0 0 0 0 0 0 0 0 0 0 
0 0 0 0 0 0 0 0 0 0 
0 0 0 0 0 0 0 0 0 0 
0 0 0 0 0 0 0 0 0 0 
0 0 0 0 0 0 0 0 0 0 
0 0 0 0 0 0 0 0 0 0 
1 1 1 1 1 1 1 3 2 1 
1 1 1 1 1 1 1 1 1 0 

9 7
0 0 0 0 0 0 0 0 0 0 
0 0 0 0 0 0 0 0 0 0 
0 0 0 0 0 0 0 0 0 0 
0 0 0 0 0 0 0 0 0 0 
0 0 0 0 0 0 0 0 0 0 
0 0 0 0 0 0 0 0 0 0 
0 0 0 0 0 0 0 0 0 0 
0 0 0 0 0 0 0 0 0 0 
1 1 1 1 1 1 4 3 2 1 
1 1 1 1 1 1 1 1 1 0 

9 6
0 0 0 0 0 0 0 0 0 0 
0 0 0 0 0 0 0 0 0 0 
0 0 0 0 0 0 0 0 0 0 
0 0 0 0 0 0 0 0 0 0 
0 0 0 0 0 0 0 0 0 0 
0 0 0 0 0 0 0 0 0 0 
0 0 0 0 0 0 0 0 0 0 
0 0 0 0 0 0 0 0 0 0 
1 1 1 1 1 5 4 3 2 1 
1 1 1 1 1 1 1 1 1 0 

9 5
0 0 0 0 0 0 0 0 0 0 
0 0 0 0 0 0 0 0 0 0 
0 0 0 0 0 0 0 0 0 0 
0 0 0 0 0 0 0 0 0 0 
0 0 0 0 0 0 0 0 0 0 
0 0 0 0 0 0 0 0 0 0 
0 0 0 0 0 0 0 0 0 0 
0 0 0 0 0 0 0 0 0 0 
1 1 1 1 6 5 4 3 2 1 
1 1 1 1 1 1 1 1 1 0 

9 4
0 0 0 0 0 0 0 0 0 0 
0 0 0 0 0 0 0 0 0 0 
0 0 0 0 0 0 0 0 0 0 
0 0 0 0 0 0 0 0 0 0 
0 0 0 0 0 0 0 0 0 0 
0 0 0 0 0 0 0 0 0 0 
0 0 0 0 0 0 0 0 0 0 
0 0 0 0 0 0 0 0 0 0 
1 1 1 7 6 5 4 3 2 1 
1 1 1 1 1 1 1 1 1 0 

9 3
0 0 0 0 0 0 0 0 0 0 
0 0 0 0 0 0 0 0 0 0 
0 0 0 0 0 0 0 0 0 0 
0 0 0 0 0 0 0 0 0 0 
0 0 0 0 0 0 0 0 0 0 
0 0 0 0 0 0 0 0 0 0 
0 0 0 0 0 0 0 0 0 0 
0 0 0 0 0 0 0 0 0 0 
1 1 8 7 6 5 4 3 2 1 
1 1 1 1 1 1 1 1 1 0 

9 2
0 0 0 0 0 0 0 0 0 0 
0 0 0 0 0 0 0 0 0 0 
0 0 0 0 0 0 0 0 0 0 
0 0 0 0 0 0 0 0 0 0 
0 0 0 0 0 0 0 0 0 0 
0 0 0 0 0 0 0 0 0 0 
0 0 0 0 0 0 0 0 0 0 
0 0 0 0 0 0 0 0 0 0 
1 9 8 7 6 5 4 3 2 1 
1 1 1 1 1 1 1 1 1 0 

9 1
0 0 0 0 0 0 0 0 0 0 
0 0 0 0 0 0 0 0 0 0 
0 0 0 0 0 0 0 0 0 0 
0 0 0 0 0 0 0 0 0 0 
0 0 0 0 0 0 0 0 0 0 
0 0 0 0 0 0 0 0 0 0 
0 0 0 0 0 0 0 0 0 0 
0 0 0 0 0 0 0 0 0 0 
10 9 8 7 6 5 4 3 2 1 
1 1 1 1 1 1 1 1 1 0 

8 10
0 0 0 0 0 0 0 0 0 0 
0 0 0 0 0 0 0 0 0 0 
0 0 0 0 0 0 0 0 0 0 
0 0 0 0 0 0 0 0 0 0 
0 0 0 0 0 0 0 0 0 0 
0 0 0 0 0 0 0 0 0 0 
0 0 0 0 0 0 0 0 0 0 
10 9 8 7 6 5 4 3 2 1 
10 9 8 7 6 5 4 3 2 1 
1 1 1 1 1 1 1 1 1 0 

8 9
0 0 0 0 0 0 0 0 0 0 
0 0 0 0 0 0 0 0 0 0 
0 0 0 0 0 0 0 0 0 0 
0 0 0 0 0 0 0 0 0 0 
0 0 0 0 0 0 0 0 0 0 
0 0 0 0 0 0 0 0 0 0 
0 0 0 0 0 0 0 0 0 0 
10 9 8 7 6 5 4 3 3 1 
10 9 8 7 6 5 4 3 2 1 
1 1 1 1 1 1 1 1 1 0 

8 8
0 0 0 0 0 0 0 0 0 0 
0 0 0 0 0 0 0 0 0 0 
0 0 0 0 0 0 0 0 0 0 
0 0 0 0 0 0 0 0 0 0 
0 0 0 0 0 0 0 0 0 0 
0 0 0 0 0 0 0 0 0 0 
0 0 0 0 0 0 0 0 0 0 
10 9 8 7 6 5 4 6 3 1 
10 9 8 7 6 5 4 3 2 1 
1 1 1 1 1 1 1 1 1 0 

8 7
0 0 0 0 0 0 0 0 0 0 
0 0 0 0 0 0 0 0 0 0 
0 0 0 0 0 0 0 0 0 0 
0 0 0 0 0 0 0 0 0 0 
0 0 0 0 0 0 0 0 0 0 
0 0 0 0 0 0 0 0 0 0 
0 0 0 0 0 0 0 0 0 0 
10 9 8 7 6 5 10 6 3 1 
10 9 8 7 6 5 4 3 2 1 
1 1 1 1 1 1 1 1 1 0 

8 6
0 0 0 0 0 0 0 0 0 0 
0 0 0 0 0 0 0 0 0 0 
0 0 0 0 0 0 0 0 0 0 
0 0 0 0 0 0 0 0 0 0 
0 0 0 0 0 0 0 0 0 0 
0 0 0 0 0 0 0 0 0 0 
0 0 0 0 0 0 0 0 0 0 
10 9 8 7 6 15 10 6 3 1 
10 9 8 7 6 5 4 3 2 1 
1 1 1 1 1 1 1 1 1 0 

8 5
0 0 0 0 0 0 0 0 0 0 
0 0 0 0 0 0 0 0 0 0 
0 0 0 0 0 0 0 0 0 0 
0 0 0 0 0 0 0 0 0 0 
0 0 0 0 0 0 0 0 0 0 
0 0 0 0 0 0 0 0 0 0 
0 0 0 0 0 0 0 0 0 0 
10 9 8 7 21 15 10 6 3 1 
10 9 8 7 6 5 4 3 2 1 
1 1 1 1 1 1 1 1 1 0 

8 4
0 0 0 0 0 0 0 0 0 0 
0 0 0 0 0 0 0 0 0 0 
0 0 0 0 0 0 0 0 0 0 
0 0 0 0 0 0 0 0 0 0 
0 0 0 0 0 0 0 0 0 0 
0 0 0 0 0 0 0 0 0 0 
0 0 0 0 0 0 0 0 0 0 
10 9 8 28 21 15 10 6 3 1 
10 9 8 7 6 5 4 3 2 1 
1 1 1 1 1 1 1 1 1 0 

8 3
0 0 0 0 0 0 0 0 0 0 
0 0 0 0 0 0 0 0 0 0 
0 0 0 0 0 0 0 0 0 0 
0 0 0 0 0 0 0 0 0 0 
0 0 0 0 0 0 0 0 0 0 
0 0 0 0 0 0 0 0 0 0 
0 0 0 0 0 0 0 0 0 0 
10 9 36 28 21 15 10 6 3 1 
10 9 8 7 6 5 4 3 2 1 
1 1 1 1 1 1 1 1 1 0 

8 2
0 0 0 0 0 0 0 0 0 0 
0 0 0 0 0 0 0 0 0 0 
0 0 0 0 0 0 0 0 0 0 
0 0 0 0 0 0 0 0 0 0 
0 0 0 0 0 0 0 0 0 0 
0 0 0 0 0 0 0 0 0 0 
0 0 0 0 0 0 0 0 0 0 
10 45 36 28 21 15 10 6 3 1 
10 9 8 7 6 5 4 3 2 1 
1 1 1 1 1 1 1 1 1 0 

8 1
0 0 0 0 0 0 0 0 0 0 
0 0 0 0 0 0 0 0 0 0 
0 0 0 0 0 0 0 0 0 0 
0 0 0 0 0 0 0 0 0 0 
0 0 0 0 0 0 0 0 0 0 
0 0 0 0 0 0 0 0 0 0 
0 0 0 0 0 0 0 0 0 0 
55 45 36 28 21 15 10 6 3 1 
10 9 8 7 6 5 4 3 2 1 
1 1 1 1 1 1 1 1 1 0 

7 10
0 0 0 0 0 0 0 0 0 0 
0 0 0 0 0 0 0 0 0 0 
0 0 0 0 0 0 0 0 0 0 
0 0 0 0 0 0 0 0 0 0 
0 0 0 0 0 0 0 0 0 0 
0 0 0 0 0 0 0 0 0 0 
55 45 36 28 21 15 10 6 3 1 
55 45 36 28 21 15 10 6 3 1 
10 9 8 7 6 5 4 3 2 1 
1 1 1 1 1 1 1 1 1 0 

7 9
0 0 0 0 0 0 0 0 0 0 
0 0 0 0 0 0 0 0 0 0 
0 0 0 0 0 0 0 0 0 0 
0 0 0 0 0 0 0 0 0 0 
0 0 0 0 0 0 0 0 0 0 
0 0 0 0 0 0 0 0 0 0 
55 45 36 28 21 15 10 6 4 1 
55 45 36 28 21 15 10 6 3 1 
10 9 8 7 6 5 4 3 2 1 
1 1 1 1 1 1 1 1 1 0 

7 8
0 0 0 0 0 0 0 0 0 0 
0 0 0 0 0 0 0 0 0 0 
0 0 0 0 0 0 0 0 0 0 
0 0 0 0 0 0 0 0 0 0 
0 0 0 0 0 0 0 0 0 0 
0 0 0 0 0 0 0 0 0 0 
55 45 36 28 21 15 10 10 4 1 
55 45 36 28 21 15 10 6 3 1 
10 9 8 7 6 5 4 3 2 1 
1 1 1 1 1 1 1 1 1 0 

7 7
0 0 0 0 0 0 0 0 0 0 
0 0 0 0 0 0 0 0 0 0 
0 0 0 0 0 0 0 0 0 0 
0 0 0 0 0 0 0 0 0 0 
0 0 0 0 0 0 0 0 0 0 
0 0 0 0 0 0 0 0 0 0 
55 45 36 28 21 15 20 10 4 1 
55 45 36 28 21 15 10 6 3 1 
10 9 8 7 6 5 4 3 2 1 
1 1 1 1 1 1 1 1 1 0 

7 6
0 0 0 0 0 0 0 0 0 0 
0 0 0 0 0 0 0 0 0 0 
0 0 0 0 0 0 0 0 0 0 
0 0 0 0 0 0 0 0 0 0 
0 0 0 0 0 0 0 0 0 0 
0 0 0 0 0 0 0 0 0 0 
55 45 36 28 21 35 20 10 4 1 
55 45 36 28 21 15 10 6 3 1 
10 9 8 7 6 5 4 3 2 1 
1 1 1 1 1 1 1 1 1 0 

7 5
0 0 0 0 0 0 0 0 0 0 
0 0 0 0 0 0 0 0 0 0 
0 0 0 0 0 0 0 0 0 0 
0 0 0 0 0 0 0 0 0 0 
0 0 0 0 0 0 0 0 0 0 
0 0 0 0 0 0 0 0 0 0 
55 45 36 28 56 35 20 10 4 1 
55 45 36 28 21 15 10 6 3 1 
10 9 8 7 6 5 4 3 2 1 
1 1 1 1 1 1 1 1 1 0 

7 4
0 0 0 0 0 0 0 0 0 0 
0 0 0 0 0 0 0 0 0 0 
0 0 0 0 0 0 0 0 0 0 
0 0 0 0 0 0 0 0 0 0 
0 0 0 0 0 0 0 0 0 0 
0 0 0 0 0 0 0 0 0 0 
55 45 36 84 56 35 20 10 4 1 
55 45 36 28 21 15 10 6 3 1 
10 9 8 7 6 5 4 3 2 1 
1 1 1 1 1 1 1 1 1 0 

7 3
0 0 0 0 0 0 0 0 0 0 
0 0 0 0 0 0 0 0 0 0 
0 0 0 0 0 0 0 0 0 0 
0 0 0 0 0 0 0 0 0 0 
0 0 0 0 0 0 0 0 0 0 
0 0 0 0 0 0 0 0 0 0 
55 45 120 84 56 35 20 10 4 1 
55 45 36 28 21 15 10 6 3 1 
10 9 8 7 6 5 4 3 2 1 
1 1 1 1 1 1 1 1 1 0 

7 2
0 0 0 0 0 0 0 0 0 0 
0 0 0 0 0 0 0 0 0 0 
0 0 0 0 0 0 0 0 0 0 
0 0 0 0 0 0 0 0 0 0 
0 0 0 0 0 0 0 0 0 0 
0 0 0 0 0 0 0 0 0 0 
55 165 120 84 56 35 20 10 4 1 
55 45 36 28 21 15 10 6 3 1 
10 9 8 7 6 5 4 3 2 1 
1 1 1 1 1 1 1 1 1 0 

7 1
0 0 0 0 0 0 0 0 0 0 
0 0 0 0 0 0 0 0 0 0 
0 0 0 0 0 0 0 0 0 0 
0 0 0 0 0 0 0 0 0 0 
0 0 0 0 0 0 0 0 0 0 
0 0 0 0 0 0 0 0 0 0 
220 165 120 84 56 35 20 10 4 1 
55 45 36 28 21 15 10 6 3 1 
10 9 8 7 6 5 4 3 2 1 
1 1 1 1 1 1 1 1 1 0 

6 10
0 0 0 0 0 0 0 0 0 0 
0 0 0 0 0 0 0 0 0 0 
0 0 0 0 0 0 0 0 0 0 
0 0 0 0 0 0 0 0 0 0 
0 0 0 0 0 0 0 0 0 0 
220 165 120 84 56 35 20 10 4 1 
220 165 120 84 56 35 20 10 4 1 
55 45 36 28 21 15 10 6 3 1 
10 9 8 7 6 5 4 3 2 1 
1 1 1 1 1 1 1 1 1 0 

6 9
0 0 0 0 0 0 0 0 0 0 
0 0 0 0 0 0 0 0 0 0 
0 0 0 0 0 0 0 0 0 0 
0 0 0 0 0 0 0 0 0 0 
0 0 0 0 0 0 0 0 0 0 
220 165 120 84 56 35 20 10 5 1 
220 165 120 84 56 35 20 10 4 1 
55 45 36 28 21 15 10 6 3 1 
10 9 8 7 6 5 4 3 2 1 
1 1 1 1 1 1 1 1 1 0 

6 8
0 0 0 0 0 0 0 0 0 0 
0 0 0 0 0 0 0 0 0 0 
0 0 0 0 0 0 0 0 0 0 
0 0 0 0 0 0 0 0 0 0 
0 0 0 0 0 0 0 0 0 0 
220 165 120 84 56 35 20 15 5 1 
220 165 120 84 56 35 20 10 4 1 
55 45 36 28 21 15 10 6 3 1 
10 9 8 7 6 5 4 3 2 1 
1 1 1 1 1 1 1 1 1 0 

6 7
0 0 0 0 0 0 0 0 0 0 
0 0 0 0 0 0 0 0 0 0 
0 0 0 0 0 0 0 0 0 0 
0 0 0 0 0 0 0 0 0 0 
0 0 0 0 0 0 0 0 0 0 
220 165 120 84 56 35 35 15 5 1 
220 165 120 84 56 35 20 10 4 1 
55 45 36 28 21 15 10 6 3 1 
10 9 8 7 6 5 4 3 2 1 
1 1 1 1 1 1 1 1 1 0 

6 6
0 0 0 0 0 0 0 0 0 0 
0 0 0 0 0 0 0 0 0 0 
0 0 0 0 0 0 0 0 0 0 
0 0 0 0 0 0 0 0 0 0 
0 0 0 0 0 0 0 0 0 0 
220 165 120 84 56 70 35 15 5 1 
220 165 120 84 56 35 20 10 4 1 
55 45 36 28 21 15 10 6 3 1 
10 9 8 7 6 5 4 3 2 1 
1 1 1 1 1 1 1 1 1 0 

6 5
0 0 0 0 0 0 0 0 0 0 
0 0 0 0 0 0 0 0 0 0 
0 0 0 0 0 0 0 0 0 0 
0 0 0 0 0 0 0 0 0 0 
0 0 0 0 0 0 0 0 0 0 
220 165 120 84 126 70 35 15 5 1 
220 165 120 84 56 35 20 10 4 1 
55 45 36 28 21 15 10 6 3 1 
10 9 8 7 6 5 4 3 2 1 
1 1 1 1 1 1 1 1 1 0 

6 4
0 0 0 0 0 0 0 0 0 0 
0 0 0 0 0 0 0 0 0 0 
0 0 0 0 0 0 0 0 0 0 
0 0 0 0 0 0 0 0 0 0 
0 0 0 0 0 0 0 0 0 0 
220 165 120 210 126 70 35 15 5 1 
220 165 120 84 56 35 20 10 4 1 
55 45 36 28 21 15 10 6 3 1 
10 9 8 7 6 5 4 3 2 1 
1 1 1 1 1 1 1 1 1 0 

6 3
0 0 0 0 0 0 0 0 0 0 
0 0 0 0 0 0 0 0 0 0 
0 0 0 0 0 0 0 0 0 0 
0 0 0 0 0 0 0 0 0 0 
0 0 0 0 0 0 0 0 0 0 
220 165 330 210 126 70 35 15 5 1 
220 165 120 84 56 35 20 10 4 1 
55 45 36 28 21 15 10 6 3 1 
10 9 8 7 6 5 4 3 2 1 
1 1 1 1 1 1 1 1 1 0 

6 2
0 0 0 0 0 0 0 0 0 0 
0 0 0 0 0 0 0 0 0 0 
0 0 0 0 0 0 0 0 0 0 
0 0 0 0 0 0 0 0 0 0 
0 0 0 0 0 0 0 0 0 0 
220 495 330 210 126 70 35 15 5 1 
220 165 120 84 56 35 20 10 4 1 
55 45 36 28 21 15 10 6 3 1 
10 9 8 7 6 5 4 3 2 1 
1 1 1 1 1 1 1 1 1 0 

6 1
0 0 0 0 0 0 0 0 0 0 
0 0 0 0 0 0 0 0 0 0 
0 0 0 0 0 0 0 0 0 0 
0 0 0 0 0 0 0 0 0 0 
0 0 0 0 0 0 0 0 0 0 
715 495 330 210 126 70 35 15 5 1 
220 165 120 84 56 35 20 10 4 1 
55 45 36 28 21 15 10 6 3 1 
10 9 8 7 6 5 4 3 2 1 
1 1 1 1 1 1 1 1 1 0 

5 10
0 0 0 0 0 0 0 0 0 0 
0 0 0 0 0 0 0 0 0 0 
0 0 0 0 0 0 0 0 0 0 
0 0 0 0 0 0 0 0 0 0 
715 495 330 210 126 70 35 15 5 1 
715 495 330 210 126 70 35 15 5 1 
220 165 120 84 56 35 20 10 4 1 
55 45 36 28 21 15 10 6 3 1 
10 9 8 7 6 5 4 3 2 1 
1 1 1 1 1 1 1 1 1 0 

5 9
0 0 0 0 0 0 0 0 0 0 
0 0 0 0 0 0 0 0 0 0 
0 0 0 0 0 0 0 0 0 0 
0 0 0 0 0 0 0 0 0 0 
715 495 330 210 126 70 35 15 6 1 
715 495 330 210 126 70 35 15 5 1 
220 165 120 84 56 35 20 10 4 1 
55 45 36 28 21 15 10 6 3 1 
10 9 8 7 6 5 4 3 2 1 
1 1 1 1 1 1 1 1 1 0 

5 8
0 0 0 0 0 0 0 0 0 0 
0 0 0 0 0 0 0 0 0 0 
0 0 0 0 0 0 0 0 0 0 
0 0 0 0 0 0 0 0 0 0 
715 495 330 210 126 70 35 21 6 1 
715 495 330 210 126 70 35 15 5 1 
220 165 120 84 56 35 20 10 4 1 
55 45 36 28 21 15 10 6 3 1 
10 9 8 7 6 5 4 3 2 1 
1 1 1 1 1 1 1 1 1 0 

5 7
0 0 0 0 0 0 0 0 0 0 
0 0 0 0 0 0 0 0 0 0 
0 0 0 0 0 0 0 0 0 0 
0 0 0 0 0 0 0 0 0 0 
715 495 330 210 126 70 56 21 6 1 
715 495 330 210 126 70 35 15 5 1 
220 165 120 84 56 35 20 10 4 1 
55 45 36 28 21 15 10 6 3 1 
10 9 8 7 6 5 4 3 2 1 
1 1 1 1 1 1 1 1 1 0 

5 6
0 0 0 0 0 0 0 0 0 0 
0 0 0 0 0 0 0 0 0 0 
0 0 0 0 0 0 0 0 0 0 
0 0 0 0 0 0 0 0 0 0 
715 495 330 210 126 126 56 21 6 1 
715 495 330 210 126 70 35 15 5 1 
220 165 120 84 56 35 20 10 4 1 
55 45 36 28 21 15 10 6 3 1 
10 9 8 7 6 5 4 3 2 1 
1 1 1 1 1 1 1 1 1 0 

5 5
0 0 0 0 0 0 0 0 0 0 
0 0 0 0 0 0 0 0 0 0 
0 0 0 0 0 0 0 0 0 0 
0 0 0 0 0 0 0 0 0 0 
715 495 330 210 252 126 56 21 6 1 
715 495 330 210 126 70 35 15 5 1 
220 165 120 84 56 35 20 10 4 1 
55 45 36 28 21 15 10 6 3 1 
10 9 8 7 6 5 4 3 2 1 
1 1 1 1 1 1 1 1 1 0 

5 4
0 0 0 0 0 0 0 0 0 0 
0 0 0 0 0 0 0 0 0 0 
0 0 0 0 0 0 0 0 0 0 
0 0 0 0 0 0 0 0 0 0 
715 495 330 462 252 126 56 21 6 1 
715 495 330 210 126 70 35 15 5 1 
220 165 120 84 56 35 20 10 4 1 
55 45 36 28 21 15 10 6 3 1 
10 9 8 7 6 5 4 3 2 1 
1 1 1 1 1 1 1 1 1 0 

5 3
0 0 0 0 0 0 0 0 0 0 
0 0 0 0 0 0 0 0 0 0 
0 0 0 0 0 0 0 0 0 0 
0 0 0 0 0 0 0 0 0 0 
715 495 792 462 252 126 56 21 6 1 
715 495 330 210 126 70 35 15 5 1 
220 165 120 84 56 35 20 10 4 1 
55 45 36 28 21 15 10 6 3 1 
10 9 8 7 6 5 4 3 2 1 
1 1 1 1 1 1 1 1 1 0 

5 2
0 0 0 0 0 0 0 0 0 0 
0 0 0 0 0 0 0 0 0 0 
0 0 0 0 0 0 0 0 0 0 
0 0 0 0 0 0 0 0 0 0 
715 1287 792 462 252 126 56 21 6 1 
715 495 330 210 126 70 35 15 5 1 
220 165 120 84 56 35 20 10 4 1 
55 45 36 28 21 15 10 6 3 1 
10 9 8 7 6 5 4 3 2 1 
1 1 1 1 1 1 1 1 1 0 

5 1
0 0 0 0 0 0 0 0 0 0 
0 0 0 0 0 0 0 0 0 0 
0 0 0 0 0 0 0 0 0 0 
0 0 0 0 0 0 0 0 0 0 
2002 1287 792 462 252 126 56 21 6 1 
715 495 330 210 126 70 35 15 5 1 
220 165 120 84 56 35 20 10 4 1 
55 45 36 28 21 15 10 6 3 1 
10 9 8 7 6 5 4 3 2 1 
1 1 1 1 1 1 1 1 1 0 

4 10
0 0 0 0 0 0 0 0 0 0 
0 0 0 0 0 0 0 0 0 0 
0 0 0 0 0 0 0 0 0 0 
2002 1287 792 462 252 126 56 21 6 1 
2002 1287 792 462 252 126 56 21 6 1 
715 495 330 210 126 70 35 15 5 1 
220 165 120 84 56 35 20 10 4 1 
55 45 36 28 21 15 10 6 3 1 
10 9 8 7 6 5 4 3 2 1 
1 1 1 1 1 1 1 1 1 0 

4 9
0 0 0 0 0 0 0 0 0 0 
0 0 0 0 0 0 0 0 0 0 
0 0 0 0 0 0 0 0 0 0 
2002 1287 792 462 252 126 56 21 7 1 
2002 1287 792 462 252 126 56 21 6 1 
715 495 330 210 126 70 35 15 5 1 
220 165 120 84 56 35 20 10 4 1 
55 45 36 28 21 15 10 6 3 1 
10 9 8 7 6 5 4 3 2 1 
1 1 1 1 1 1 1 1 1 0 

4 8
0 0 0 0 0 0 0 0 0 0 
0 0 0 0 0 0 0 0 0 0 
0 0 0 0 0 0 0 0 0 0 
2002 1287 792 462 252 126 56 28 7 1 
2002 1287 792 462 252 126 56 21 6 1 
715 495 330 210 126 70 35 15 5 1 
220 165 120 84 56 35 20 10 4 1 
55 45 36 28 21 15 10 6 3 1 
10 9 8 7 6 5 4 3 2 1 
1 1 1 1 1 1 1 1 1 0 

4 7
0 0 0 0 0 0 0 0 0 0 
0 0 0 0 0 0 0 0 0 0 
0 0 0 0 0 0 0 0 0 0 
2002 1287 792 462 252 126 84 28 7 1 
2002 1287 792 462 252 126 56 21 6 1 
715 495 330 210 126 70 35 15 5 1 
220 165 120 84 56 35 20 10 4 1 
55 45 36 28 21 15 10 6 3 1 
10 9 8 7 6 5 4 3 2 1 
1 1 1 1 1 1 1 1 1 0 

4 6
0 0 0 0 0 0 0 0 0 0 
0 0 0 0 0 0 0 0 0 0 
0 0 0 0 0 0 0 0 0 0 
2002 1287 792 462 252 210 84 28 7 1 
2002 1287 792 462 252 126 56 21 6 1 
715 495 330 210 126 70 35 15 5 1 
220 165 120 84 56 35 20 10 4 1 
55 45 36 28 21 15 10 6 3 1 
10 9 8 7 6 5 4 3 2 1 
1 1 1 1 1 1 1 1 1 0 

4 5
0 0 0 0 0 0 0 0 0 0 
0 0 0 0 0 0 0 0 0 0 
0 0 0 0 0 0 0 0 0 0 
2002 1287 792 462 462 210 84 28 7 1 
2002 1287 792 462 252 126 56 21 6 1 
715 495 330 210 126 70 35 15 5 1 
220 165 120 84 56 35 20 10 4 1 
55 45 36 28 21 15 10 6 3 1 
10 9 8 7 6 5 4 3 2 1 
1 1 1 1 1 1 1 1 1 0 

4 4
0 0 0 0 0 0 0 0 0 0 
0 0 0 0 0 0 0 0 0 0 
0 0 0 0 0 0 0 0 0 0 
2002 1287 792 924 462 210 84 28 7 1 
2002 1287 792 462 252 126 56 21 6 1 
715 495 330 210 126 70 35 15 5 1 
220 165 120 84 56 35 20 10 4 1 
55 45 36 28 21 15 10 6 3 1 
10 9 8 7 6 5 4 3 2 1 
1 1 1 1 1 1 1 1 1 0 

4 3
0 0 0 0 0 0 0 0 0 0 
0 0 0 0 0 0 0 0 0 0 
0 0 0 0 0 0 0 0 0 0 
2002 1287 1716 924 462 210 84 28 7 1 
2002 1287 792 462 252 126 56 21 6 1 
715 495 330 210 126 70 35 15 5 1 
220 165 120 84 56 35 20 10 4 1 
55 45 36 28 21 15 10 6 3 1 
10 9 8 7 6 5 4 3 2 1 
1 1 1 1 1 1 1 1 1 0 

4 2
0 0 0 0 0 0 0 0 0 0 
0 0 0 0 0 0 0 0 0 0 
0 0 0 0 0 0 0 0 0 0 
2002 3003 1716 924 462 210 84 28 7 1 
2002 1287 792 462 252 126 56 21 6 1 
715 495 330 210 126 70 35 15 5 1 
220 165 120 84 56 35 20 10 4 1 
55 45 36 28 21 15 10 6 3 1 
10 9 8 7 6 5 4 3 2 1 
1 1 1 1 1 1 1 1 1 0 

4 1
0 0 0 0 0 0 0 0 0 0 
0 0 0 0 0 0 0 0 0 0 
0 0 0 0 0 0 0 0 0 0 
5005 3003 1716 924 462 210 84 28 7 1 
2002 1287 792 462 252 126 56 21 6 1 
715 495 330 210 126 70 35 15 5 1 
220 165 120 84 56 35 20 10 4 1 
55 45 36 28 21 15 10 6 3 1 
10 9 8 7 6 5 4 3 2 1 
1 1 1 1 1 1 1 1 1 0 

3 10
0 0 0 0 0 0 0 0 0 0 
0 0 0 0 0 0 0 0 0 0 
5005 3003 1716 924 462 210 84 28 7 1 
5005 3003 1716 924 462 210 84 28 7 1 
2002 1287 792 462 252 126 56 21 6 1 
715 495 330 210 126 70 35 15 5 1 
220 165 120 84 56 35 20 10 4 1 
55 45 36 28 21 15 10 6 3 1 
10 9 8 7 6 5 4 3 2 1 
1 1 1 1 1 1 1 1 1 0 

3 9
0 0 0 0 0 0 0 0 0 0 
0 0 0 0 0 0 0 0 0 0 
5005 3003 1716 924 462 210 84 28 8 1 
5005 3003 1716 924 462 210 84 28 7 1 
2002 1287 792 462 252 126 56 21 6 1 
715 495 330 210 126 70 35 15 5 1 
220 165 120 84 56 35 20 10 4 1 
55 45 36 28 21 15 10 6 3 1 
10 9 8 7 6 5 4 3 2 1 
1 1 1 1 1 1 1 1 1 0 

3 8
0 0 0 0 0 0 0 0 0 0 
0 0 0 0 0 0 0 0 0 0 
5005 3003 1716 924 462 210 84 36 8 1 
5005 3003 1716 924 462 210 84 28 7 1 
2002 1287 792 462 252 126 56 21 6 1 
715 495 330 210 126 70 35 15 5 1 
220 165 120 84 56 35 20 10 4 1 
55 45 36 28 21 15 10 6 3 1 
10 9 8 7 6 5 4 3 2 1 
1 1 1 1 1 1 1 1 1 0 

3 7
0 0 0 0 0 0 0 0 0 0 
0 0 0 0 0 0 0 0 0 0 
5005 3003 1716 924 462 210 120 36 8 1 
5005 3003 1716 924 462 210 84 28 7 1 
2002 1287 792 462 252 126 56 21 6 1 
715 495 330 210 126 70 35 15 5 1 
220 165 120 84 56 35 20 10 4 1 
55 45 36 28 21 15 10 6 3 1 
10 9 8 7 6 5 4 3 2 1 
1 1 1 1 1 1 1 1 1 0 

3 6
0 0 0 0 0 0 0 0 0 0 
0 0 0 0 0 0 0 0 0 0 
5005 3003 1716 924 462 330 120 36 8 1 
5005 3003 1716 924 462 210 84 28 7 1 
2002 1287 792 462 252 126 56 21 6 1 
715 495 330 210 126 70 35 15 5 1 
220 165 120 84 56 35 20 10 4 1 
55 45 36 28 21 15 10 6 3 1 
10 9 8 7 6 5 4 3 2 1 
1 1 1 1 1 1 1 1 1 0 

3 5
0 0 0 0 0 0 0 0 0 0 
0 0 0 0 0 0 0 0 0 0 
5005 3003 1716 924 792 330 120 36 8 1 
5005 3003 1716 924 462 210 84 28 7 1 
2002 1287 792 462 252 126 56 21 6 1 
715 495 330 210 126 70 35 15 5 1 
220 165 120 84 56 35 20 10 4 1 
55 45 36 28 21 15 10 6 3 1 
10 9 8 7 6 5 4 3 2 1 
1 1 1 1 1 1 1 1 1 0 

3 4
0 0 0 0 0 0 0 0 0 0 
0 0 0 0 0 0 0 0 0 0 
5005 3003 1716 1716 792 330 120 36 8 1 
5005 3003 1716 924 462 210 84 28 7 1 
2002 1287 792 462 252 126 56 21 6 1 
715 495 330 210 126 70 35 15 5 1 
220 165 120 84 56 35 20 10 4 1 
55 45 36 28 21 15 10 6 3 1 
10 9 8 7 6 5 4 3 2 1 
1 1 1 1 1 1 1 1 1 0 

3 3
0 0 0 0 0 0 0 0 0 0 
0 0 0 0 0 0 0 0 0 0 
5005 3003 3432 1716 792 330 120 36 8 1 
5005 3003 1716 924 462 210 84 28 7 1 
2002 1287 792 462 252 126 56 21 6 1 
715 495 330 210 126 70 35 15 5 1 
220 165 120 84 56 35 20 10 4 1 
55 45 36 28 21 15 10 6 3 1 
10 9 8 7 6 5 4 3 2 1 
1 1 1 1 1 1 1 1 1 0 

3 2
0 0 0 0 0 0 0 0 0 0 
0 0 0 0 0 0 0 0 0 0 
5005 6435 3432 1716 792 330 120 36 8 1 
5005 3003 1716 924 462 210 84 28 7 1 
2002 1287 792 462 252 126 56 21 6 1 
715 495 330 210 126 70 35 15 5 1 
220 165 120 84 56 35 20 10 4 1 
55 45 36 28 21 15 10 6 3 1 
10 9 8 7 6 5 4 3 2 1 
1 1 1 1 1 1 1 1 1 0 

3 1
0 0 0 0 0 0 0 0 0 0 
0 0 0 0 0 0 0 0 0 0 
11440 6435 3432 1716 792 330 120 36 8 1 
5005 3003 1716 924 462 210 84 28 7 1 
2002 1287 792 462 252 126 56 21 6 1 
715 495 330 210 126 70 35 15 5 1 
220 165 120 84 56 35 20 10 4 1 
55 45 36 28 21 15 10 6 3 1 
10 9 8 7 6 5 4 3 2 1 
1 1 1 1 1 1 1 1 1 0 

2 10
0 0 0 0 0 0 0 0 0 0 
11440 6435 3432 1716 792 330 120 36 8 1 
11440 6435 3432 1716 792 330 120 36 8 1 
5005 3003 1716 924 462 210 84 28 7 1 
2002 1287 792 462 252 126 56 21 6 1 
715 495 330 210 126 70 35 15 5 1 
220 165 120 84 56 35 20 10 4 1 
55 45 36 28 21 15 10 6 3 1 
10 9 8 7 6 5 4 3 2 1 
1 1 1 1 1 1 1 1 1 0 

2 9
0 0 0 0 0 0 0 0 0 0 
11440 6435 3432 1716 792 330 120 36 9 1 
11440 6435 3432 1716 792 330 120 36 8 1 
5005 3003 1716 924 462 210 84 28 7 1 
2002 1287 792 462 252 126 56 21 6 1 
715 495 330 210 126 70 35 15 5 1 
220 165 120 84 56 35 20 10 4 1 
55 45 36 28 21 15 10 6 3 1 
10 9 8 7 6 5 4 3 2 1 
1 1 1 1 1 1 1 1 1 0 

2 8
0 0 0 0 0 0 0 0 0 0 
11440 6435 3432 1716 792 330 120 45 9 1 
11440 6435 3432 1716 792 330 120 36 8 1 
5005 3003 1716 924 462 210 84 28 7 1 
2002 1287 792 462 252 126 56 21 6 1 
715 495 330 210 126 70 35 15 5 1 
220 165 120 84 56 35 20 10 4 1 
55 45 36 28 21 15 10 6 3 1 
10 9 8 7 6 5 4 3 2 1 
1 1 1 1 1 1 1 1 1 0 

2 7
0 0 0 0 0 0 0 0 0 0 
11440 6435 3432 1716 792 330 165 45 9 1 
11440 6435 3432 1716 792 330 120 36 8 1 
5005 3003 1716 924 462 210 84 28 7 1 
2002 1287 792 462 252 126 56 21 6 1 
715 495 330 210 126 70 35 15 5 1 
220 165 120 84 56 35 20 10 4 1 
55 45 36 28 21 15 10 6 3 1 
10 9 8 7 6 5 4 3 2 1 
1 1 1 1 1 1 1 1 1 0 

2 6
0 0 0 0 0 0 0 0 0 0 
11440 6435 3432 1716 792 495 165 45 9 1 
11440 6435 3432 1716 792 330 120 36 8 1 
5005 3003 1716 924 462 210 84 28 7 1 
2002 1287 792 462 252 126 56 21 6 1 
715 495 330 210 126 70 35 15 5 1 
220 165 120 84 56 35 20 10 4 1 
55 45 36 28 21 15 10 6 3 1 
10 9 8 7 6 5 4 3 2 1 
1 1 1 1 1 1 1 1 1 0 

2 5
0 0 0 0 0 0 0 0 0 0 
11440 6435 3432 1716 1287 495 165 45 9 1 
11440 6435 3432 1716 792 330 120 36 8 1 
5005 3003 1716 924 462 210 84 28 7 1 
2002 1287 792 462 252 126 56 21 6 1 
715 495 330 210 126 70 35 15 5 1 
220 165 120 84 56 35 20 10 4 1 
55 45 36 28 21 15 10 6 3 1 
10 9 8 7 6 5 4 3 2 1 
1 1 1 1 1 1 1 1 1 0 

2 4
0 0 0 0 0 0 0 0 0 0 
11440 6435 3432 3003 1287 495 165 45 9 1 
11440 6435 3432 1716 792 330 120 36 8 1 
5005 3003 1716 924 462 210 84 28 7 1 
2002 1287 792 462 252 126 56 21 6 1 
715 495 330 210 126 70 35 15 5 1 
220 165 120 84 56 35 20 10 4 1 
55 45 36 28 21 15 10 6 3 1 
10 9 8 7 6 5 4 3 2 1 
1 1 1 1 1 1 1 1 1 0 

2 3
0 0 0 0 0 0 0 0 0 0 
11440 6435 6435 3003 1287 495 165 45 9 1 
11440 6435 3432 1716 792 330 120 36 8 1 
5005 3003 1716 924 462 210 84 28 7 1 
2002 1287 792 462 252 126 56 21 6 1 
715 495 330 210 126 70 35 15 5 1 
220 165 120 84 56 35 20 10 4 1 
55 45 36 28 21 15 10 6 3 1 
10 9 8 7 6 5 4 3 2 1 
1 1 1 1 1 1 1 1 1 0 

2 2
0 0 0 0 0 0 0 0 0 0 
11440 12870 6435 3003 1287 495 165 45 9 1 
11440 6435 3432 1716 792 330 120 36 8 1 
5005 3003 1716 924 462 210 84 28 7 1 
2002 1287 792 462 252 126 56 21 6 1 
715 495 330 210 126 70 35 15 5 1 
220 165 120 84 56 35 20 10 4 1 
55 45 36 28 21 15 10 6 3 1 
10 9 8 7 6 5 4 3 2 1 
1 1 1 1 1 1 1 1 1 0 

2 1
0 0 0 0 0 0 0 0 0 0 
24310 12870 6435 3003 1287 495 165 45 9 1 
11440 6435 3432 1716 792 330 120 36 8 1 
5005 3003 1716 924 462 210 84 28 7 1 
2002 1287 792 462 252 126 56 21 6 1 
715 495 330 210 126 70 35 15 5 1 
220 165 120 84 56 35 20 10 4 1 
55 45 36 28 21 15 10 6 3 1 
10 9 8 7 6 5 4 3 2 1 
1 1 1 1 1 1 1 1 1 0 

1 10
24310 12870 6435 3003 1287 495 165 45 9 1 
24310 12870 6435 3003 1287 495 165 45 9 1 
11440 6435 3432 1716 792 330 120 36 8 1 
5005 3003 1716 924 462 210 84 28 7 1 
2002 1287 792 462 252 126 56 21 6 1 
715 495 330 210 126 70 35 15 5 1 
220 165 120 84 56 35 20 10 4 1 
55 45 36 28 21 15 10 6 3 1 
10 9 8 7 6 5 4 3 2 1 
1 1 1 1 1 1 1 1 1 0 

1 9
24310 12870 6435 3003 1287 495 165 45 10 1 
24310 12870 6435 3003 1287 495 165 45 9 1 
11440 6435 3432 1716 792 330 120 36 8 1 
5005 3003 1716 924 462 210 84 28 7 1 
2002 1287 792 462 252 126 56 21 6 1 
715 495 330 210 126 70 35 15 5 1 
220 165 120 84 56 35 20 10 4 1 
55 45 36 28 21 15 10 6 3 1 
10 9 8 7 6 5 4 3 2 1 
1 1 1 1 1 1 1 1 1 0 

1 8
24310 12870 6435 3003 1287 495 165 55 10 1 
24310 12870 6435 3003 1287 495 165 45 9 1 
11440 6435 3432 1716 792 330 120 36 8 1 
5005 3003 1716 924 462 210 84 28 7 1 
2002 1287 792 462 252 126 56 21 6 1 
715 495 330 210 126 70 35 15 5 1 
220 165 120 84 56 35 20 10 4 1 
55 45 36 28 21 15 10 6 3 1 
10 9 8 7 6 5 4 3 2 1 
1 1 1 1 1 1 1 1 1 0 

1 7
24310 12870 6435 3003 1287 495 220 55 10 1 
24310 12870 6435 3003 1287 495 165 45 9 1 
11440 6435 3432 1716 792 330 120 36 8 1 
5005 3003 1716 924 462 210 84 28 7 1 
2002 1287 792 462 252 126 56 21 6 1 
715 495 330 210 126 70 35 15 5 1 
220 165 120 84 56 35 20 10 4 1 
55 45 36 28 21 15 10 6 3 1 
10 9 8 7 6 5 4 3 2 1 
1 1 1 1 1 1 1 1 1 0 

1 6
24310 12870 6435 3003 1287 715 220 55 10 1 
24310 12870 6435 3003 1287 495 165 45 9 1 
11440 6435 3432 1716 792 330 120 36 8 1 
5005 3003 1716 924 462 210 84 28 7 1 
2002 1287 792 462 252 126 56 21 6 1 
715 495 330 210 126 70 35 15 5 1 
220 165 120 84 56 35 20 10 4 1 
55 45 36 28 21 15 10 6 3 1 
10 9 8 7 6 5 4 3 2 1 
1 1 1 1 1 1 1 1 1 0 

1 5
24310 12870 6435 3003 2002 715 220 55 10 1 
24310 12870 6435 3003 1287 495 165 45 9 1 
11440 6435 3432 1716 792 330 120 36 8 1 
5005 3003 1716 924 462 210 84 28 7 1 
2002 1287 792 462 252 126 56 21 6 1 
715 495 330 210 126 70 35 15 5 1 
220 165 120 84 56 35 20 10 4 1 
55 45 36 28 21 15 10 6 3 1 
10 9 8 7 6 5 4 3 2 1 
1 1 1 1 1 1 1 1 1 0 

1 4
24310 12870 6435 5005 2002 715 220 55 10 1 
24310 12870 6435 3003 1287 495 165 45 9 1 
11440 6435 3432 1716 792 330 120 36 8 1 
5005 3003 1716 924 462 210 84 28 7 1 
2002 1287 792 462 252 126 56 21 6 1 
715 495 330 210 126 70 35 15 5 1 
220 165 120 84 56 35 20 10 4 1 
55 45 36 28 21 15 10 6 3 1 
10 9 8 7 6 5 4 3 2 1 
1 1 1 1 1 1 1 1 1 0 

1 3
24310 12870 11440 5005 2002 715 220 55 10 1 
24310 12870 6435 3003 1287 495 165 45 9 1 
11440 6435 3432 1716 792 330 120 36 8 1 
5005 3003 1716 924 462 210 84 28 7 1 
2002 1287 792 462 252 126 56 21 6 1 
715 495 330 210 126 70 35 15 5 1 
220 165 120 84 56 35 20 10 4 1 
55 45 36 28 21 15 10 6 3 1 
10 9 8 7 6 5 4 3 2 1 
1 1 1 1 1 1 1 1 1 0 

1 2
24310 24310 11440 5005 2002 715 220 55 10 1 
24310 12870 6435 3003 1287 495 165 45 9 1 
11440 6435 3432 1716 792 330 120 36 8 1 
5005 3003 1716 924 462 210 84 28 7 1 
2002 1287 792 462 252 126 56 21 6 1 
715 495 330 210 126 70 35 15 5 1 
220 165 120 84 56 35 20 10 4 1 
55 45 36 28 21 15 10 6 3 1 
10 9 8 7 6 5 4 3 2 1 
1 1 1 1 1 1 1 1 1 0 

1 1
48620 24310 11440 5005 2002 715 220 55 10 1 
24310 12870 6435 3003 1287 495 165 45 9 1 
11440 6435 3432 1716 792 330 120 36 8 1 
5005 3003 1716 924 462 210 84 28 7 1 
2002 1287 792 462 252 126 56 21 6 1 
715 495 330 210 126 70 35 15 5 1 
220 165 120 84 56 35 20 10 4 1 
55 45 36 28 21 15 10 6 3 1 
10 9 8 7 6 5 4 3 2 1 
1 1 1 1 1 1 1 1 1 0 

48620
