  	>>input0:0 1 1 0 0
		0:0 0 0 0 1
  	>>input1:3 2 0.428 0.144 0.428
	0:3 0 0 0 1
zero1:1:0 3 0 0 0
zero1:2:1 1 0 0 0
  	>>input2:3 0 0 0 1
		0:3 0 0 3 0.428
		1:3 0 3 0 0.428
		2:3 0 1 1 0.144
zero2:3:0 3 0 0 0
zero2:4:0 3 0 0 0
zero2:5:0 3 0 0 0
zero2:6:1 1 0 0 0
zero2:7:1 1 0 0 0
zero2:8:1 1 0 0 0
  	>>input3:1 2 0 0 1
zero1:0:3 0 0 6 0
	1:6 0 0 3 0.428
zero1:2:4 0 0 4 0
zero1:3:3 0 3 3 0
	4:6 0 3 0 0.428
zero1:5:4 0 3 1 0
zero1:6:3 0 1 4 0
	7:6 0 1 1 0.144
zero1:8:4 0 1 2 0
zero1:9:0 3 0 0 0
zero1:10:0 3 0 0 0
zero1:11:0 3 0 0 0
zero1:12:0 3 0 0 0
zero1:13:0 3 0 0 0
zero1:14:0 3 0 0 0
zero1:15:0 3 0 0 0
zero1:16:0 3 0 0 0
zero1:17:0 3 0 0 0
zero1:18:1 1 0 0 0
zero1:19:1 1 0 0 0
zero1:20:1 1 0 0 0
zero1:21:1 1 0 0 0
zero1:22:1 1 0 0 0
zero1:23:1 1 0 0 0
zero1:24:1 1 0 0 0
zero1:25:1 1 0 0 0
zero1:26:1 1 0 0 0
  	>>input4:0 2 1 0 0
zero2:0:3 0 0 6 0
zero2:1:3 0 0 6 0
zero2:2:3 0 0 6 0
zero2:3:6 3 0 3 0
		4:6 0 3 3 0.428
zero2:5:6 1 1 3 0
zero2:6:4 0 0 4 0
zero2:7:4 0 0 4 0
zero2:8:4 0 0 4 0
zero2:9:3 0 3 3 0
zero2:10:3 0 3 3 0
zero2:11:3 0 3 3 0
zero2:12:6 3 3 0 0
		13:6 0 6 0 0.428
zero2:14:6 1 4 0 0
zero2:15:4 0 3 1 0
zero2:16:4 0 3 1 0
zero2:17:4 0 3 1 0
zero2:18:3 0 1 4 0
zero2:19:3 0 1 4 0
zero2:20:3 0 1 4 0
zero2:21:6 3 1 1 0
		22:6 0 4 1 0.144
zero2:23:6 1 2 1 0
zero2:24:4 0 1 2 0
zero2:25:4 0 1 2 0
zero2:26:4 0 1 2 0
zero2:27:0 3 0 0 0
zero2:28:0 3 0 0 0
zero2:29:0 3 0 0 0
zero2:30:0 3 0 0 0
zero2:31:0 3 0 0 0
zero2:32:0 3 0 0 0
zero2:33:0 3 0 0 0
zero2:34:0 3 0 0 0
zero2:35:0 3 0 0 0
zero2:36:0 3 0 0 0
zero2:37:0 3 0 0 0
zero2:38:0 3 0 0 0
zero2:39:0 3 0 0 0
zero2:40:0 3 0 0 0
zero2:41:0 3 0 0 0
zero2:42:0 3 0 0 0
zero2:43:0 3 0 0 0
zero2:44:0 3 0 0 0
zero2:45:0 3 0 0 0
zero2:46:0 3 0 0 0
zero2:47:0 3 0 0 0
zero2:48:0 3 0 0 0
zero2:49:0 3 0 0 0
zero2:50:0 3 0 0 0
zero2:51:0 3 0 0 0
zero2:52:0 3 0 0 0
zero2:53:0 3 0 0 0
zero2:54:1 1 0 0 0
zero2:55:1 1 0 0 0
zero2:56:1 1 0 0 0
zero2:57:1 1 0 0 0
zero2:58:1 1 0 0 0
zero2:59:1 1 0 0 0
zero2:60:1 1 0 0 0
zero2:61:1 1 0 0 0
zero2:62:1 1 0 0 0
zero2:63:1 1 0 0 0
zero2:64:1 1 0 0 0
zero2:65:1 1 0 0 0
zero2:66:1 1 0 0 0
zero2:67:1 1 0 0 0
zero2:68:1 1 0 0 0
zero2:69:1 1 0 0 0
zero2:70:1 1 0 0 0
zero2:71:1 1 0 0 0
zero2:72:1 1 0 0 0
zero2:73:1 1 0 0 0
zero2:74:1 1 0 0 0
zero2:75:1 1 0 0 0
zero2:76:1 1 0 0 0
zero2:77:1 1 0 0 0
zero2:78:1 1 0 0 0
zero2:79:1 1 0 0 0
zero2:80:1 1 0 0 0
  	>>input5:1 3 0 0 1
zero1:0:3 0 0 6 0
zero1:1:3 0 0 6 0
zero1:2:3 0 0 6 0
zero1:3:3 0 0 6 0
zero1:4:3 0 0 6 0
zero1:5:3 0 0 6 0
zero1:6:3 0 0 6 0
zero1:7:3 0 0 6 0
zero1:8:3 0 0 6 0
zero1:9:6 3 0 3 0
zero1:10:6 3 0 3 0
zero1:11:6 3 0 3 0
	12:9 0 3 3 0.428
zero1:13:6 0 6 3 0
zero1:14:7 0 4 3 0
zero1:15:6 1 1 3 0
zero1:16:6 1 1 3 0
zero1:17:6 1 1 3 0
zero1:18:4 0 0 4 0
zero1:19:4 0 0 4 0
zero1:20:4 0 0 4 0
zero1:21:4 0 0 4 0
zero1:22:4 0 0 4 0
zero1:23:4 0 0 4 0
zero1:24:4 0 0 4 0
zero1:25:4 0 0 4 0
zero1:26:4 0 0 4 0
zero1:27:3 0 3 3 0
zero1:28:3 0 3 3 0
zero1:29:3 0 3 3 0
zero1:30:3 0 3 3 0
zero1:31:3 0 3 3 0
zero1:32:3 0 3 3 0
zero1:33:3 0 3 3 0
zero1:34:3 0 3 3 0
zero1:35:3 0 3 3 0
zero1:36:6 3 3 0 0
zero1:37:6 3 3 0 0
zero1:38:6 3 3 0 0
	39:9 0 6 0 0.428
zero1:40:6 0 9 0 0
zero1:41:7 0 7 0 0
zero1:42:6 1 4 0 0
zero1:43:6 1 4 0 0
zero1:44:6 1 4 0 0
zero1:45:4 0 3 1 0
zero1:46:4 0 3 1 0
zero1:47:4 0 3 1 0
zero1:48:4 0 3 1 0
zero1:49:4 0 3 1 0
zero1:50:4 0 3 1 0
zero1:51:4 0 3 1 0
zero1:52:4 0 3 1 0
zero1:53:4 0 3 1 0
zero1:54:3 0 1 4 0
zero1:55:3 0 1 4 0
zero1:56:3 0 1 4 0
zero1:57:3 0 1 4 0
zero1:58:3 0 1 4 0
zero1:59:3 0 1 4 0
zero1:60:3 0 1 4 0
zero1:61:3 0 1 4 0
zero1:62:3 0 1 4 0
zero1:63:6 3 1 1 0
zero1:64:6 3 1 1 0
zero1:65:6 3 1 1 0
	66:9 0 4 1 0.144
zero1:67:6 0 7 1 0
zero1:68:7 0 5 1 0
zero1:69:6 1 2 1 0
zero1:70:6 1 2 1 0
zero1:71:6 1 2 1 0
zero1:72:4 0 1 2 0
zero1:73:4 0 1 2 0
zero1:74:4 0 1 2 0
zero1:75:4 0 1 2 0
zero1:76:4 0 1 2 0
zero1:77:4 0 1 2 0
zero1:78:4 0 1 2 0
zero1:79:4 0 1 2 0
zero1:80:4 0 1 2 0
zero1:81:0 3 0 0 0
zero1:82:0 3 0 0 0
zero1:83:0 3 0 0 0
zero1:84:0 3 0 0 0
zero1:85:0 3 0 0 0
zero1:86:0 3 0 0 0
zero1:87:0 3 0 0 0
zero1:88:0 3 0 0 0
zero1:89:0 3 0 0 0
zero1:90:0 3 0 0 0
zero1:91:0 3 0 0 0
zero1:92:0 3 0 0 0
zero1:93:0 3 0 0 0
zero1:94:0 3 0 0 0
zero1:95:0 3 0 0 0
zero1:96:0 3 0 0 0
zero1:97:0 3 0 0 0
zero1:98:0 3 0 0 0
zero1:99:0 3 0 0 0
zero1:100:0 3 0 0 0
zero1:101:0 3 0 0 0
zero1:102:0 3 0 0 0
zero1:103:0 3 0 0 0
zero1:104:0 3 0 0 0
zero1:105:0 3 0 0 0
zero1:106:0 3 0 0 0
zero1:107:0 3 0 0 0
zero1:108:0 3 0 0 0
zero1:109:0 3 0 0 0
zero1:110:0 3 0 0 0
zero1:111:0 3 0 0 0
zero1:112:0 3 0 0 0
zero1:113:0 3 0 0 0
zero1:114:0 3 0 0 0
zero1:115:0 3 0 0 0
zero1:116:0 3 0 0 0
zero1:117:0 3 0 0 0
zero1:118:0 3 0 0 0
zero1:119:0 3 0 0 0
zero1:120:0 3 0 0 0
zero1:121:0 3 0 0 0
zero1:122:0 3 0 0 0
zero1:123:0 3 0 0 0
zero1:124:0 3 0 0 0
zero1:125:0 3 0 0 0
zero1:126:0 3 0 0 0
zero1:127:0 3 0 0 0
zero1:128:0 3 0 0 0
zero1:129:0 3 0 0 0
zero1:130:0 3 0 0 0
zero1:131:0 3 0 0 0
zero1:132:0 3 0 0 0
zero1:133:0 3 0 0 0
zero1:134:0 3 0 0 0
zero1:135:0 3 0 0 0
zero1:136:0 3 0 0 0
zero1:137:0 3 0 0 0
zero1:138:0 3 0 0 0
zero1:139:0 3 0 0 0
zero1:140:0 3 0 0 0
zero1:141:0 3 0 0 0
zero1:142:0 3 0 0 0
zero1:143:0 3 0 0 0
zero1:144:0 3 0 0 0
zero1:145:0 3 0 0 0
zero1:146:0 3 0 0 0
zero1:147:0 3 0 0 0
zero1:148:0 3 0 0 0
zero1:149:0 3 0 0 0
zero1:150:0 3 0 0 0
zero1:151:0 3 0 0 0
zero1:152:0 3 0 0 0
zero1:153:0 3 0 0 0
zero1:154:0 3 0 0 0
zero1:155:0 3 0 0 0
zero1:156:0 3 0 0 0
zero1:157:0 3 0 0 0
zero1:158:0 3 0 0 0
zero1:159:0 3 0 0 0
zero1:160:0 3 0 0 0
zero1:161:0 3 0 0 0
zero1:162:1 1 0 0 0
zero1:163:1 1 0 0 0
zero1:164:1 1 0 0 0
zero1:165:1 1 0 0 0
zero1:166:1 1 0 0 0
zero1:167:1 1 0 0 0
zero1:168:1 1 0 0 0
zero1:169:1 1 0 0 0
zero1:170:1 1 0 0 0
zero1:171:1 1 0 0 0
zero1:172:1 1 0 0 0
zero1:173:1 1 0 0 0
zero1:174:1 1 0 0 0
zero1:175:1 1 0 0 0
zero1:176:1 1 0 0 0
zero1:177:1 1 0 0 0
zero1:178:1 1 0 0 0
zero1:179:1 1 0 0 0
zero1:180:1 1 0 0 0
zero1:181:1 1 0 0 0
zero1:182:1 1 0 0 0
zero1:183:1 1 0 0 0
zero1:184:1 1 0 0 0
zero1:185:1 1 0 0 0
zero1:186:1 1 0 0 0
zero1:187:1 1 0 0 0
zero1:188:1 1 0 0 0
zero1:189:1 1 0 0 0
zero1:190:1 1 0 0 0
zero1:191:1 1 0 0 0
zero1:192:1 1 0 0 0
zero1:193:1 1 0 0 0
zero1:194:1 1 0 0 0
zero1:195:1 1 0 0 0
zero1:196:1 1 0 0 0
zero1:197:1 1 0 0 0
zero1:198:1 1 0 0 0
zero1:199:1 1 0 0 0
zero1:200:1 1 0 0 0
zero1:201:1 1 0 0 0
zero1:202:1 1 0 0 0
zero1:203:1 1 0 0 0
zero1:204:1 1 0 0 0
zero1:205:1 1 0 0 0
zero1:206:1 1 0 0 0
zero1:207:1 1 0 0 0
zero1:208:1 1 0 0 0
zero1:209:1 1 0 0 0
zero1:210:1 1 0 0 0
zero1:211:1 1 0 0 0
zero1:212:1 1 0 0 0
zero1:213:1 1 0 0 0
zero1:214:1 1 0 0 0
zero1:215:1 1 0 0 0
zero1:216:1 1 0 0 0
zero1:217:1 1 0 0 0
zero1:218:1 1 0 0 0
zero1:219:1 1 0 0 0
zero1:220:1 1 0 0 0
zero1:221:1 1 0 0 0
zero1:222:1 1 0 0 0
zero1:223:1 1 0 0 0
zero1:224:1 1 0 0 0
zero1:225:1 1 0 0 0
zero1:226:1 1 0 0 0
zero1:227:1 1 0 0 0
zero1:228:1 1 0 0 0
zero1:229:1 1 0 0 0
zero1:230:1 1 0 0 0
zero1:231:1 1 0 0 0
zero1:232:1 1 0 0 0
zero1:233:1 1 0 0 0
zero1:234:1 1 0 0 0
zero1:235:1 1 0 0 0
zero1:236:1 1 0 0 0
zero1:237:1 1 0 0 0
zero1:238:1 1 0 0 0
zero1:239:1 1 0 0 0
zero1:240:1 1 0 0 0
zero1:241:1 1 0 0 0
zero1:242:1 1 0 0 0
finding all case done-----------------------------------
0:3 0 0 6 0
1:3 0 0 6 0
2:3 0 0 6 0
3:3 0 0 6 0
4:3 0 0 6 0
5:3 0 0 6 0
6:3 0 0 6 0
7:3 0 0 6 0
8:3 0 0 6 0
9:3 0 0 6 0
10:3 0 0 6 0
11:3 0 0 6 0
12:3 0 0 6 0
13:3 0 0 6 0
14:3 0 0 6 0
15:3 0 0 6 0
16:3 0 0 6 0
17:3 0 0 6 0
18:3 0 0 6 0
19:3 0 0 6 0
20:3 0 0 6 0
21:3 0 0 6 0
22:3 0 0 6 0
23:3 0 0 6 0
24:3 0 0 6 0
25:3 0 0 6 0
26:3 0 0 6 0
27:6 3 0 3 0
28:6 3 0 3 0
29:6 3 0 3 0
30:6 3 0 3 0
31:6 3 0 3 0
32:6 3 0 3 0
33:6 3 0 3 0
34:6 3 0 3 0
35:6 3 0 3 0
36:9 3 3 3 0
37:9 0 3 6 0.428
38:9 1 3 4 0
39:6 0 6 3 0
40:6 0 6 3 0
41:6 0 6 3 0
42:7 0 4 3 0
43:7 0 4 3 0
44:7 0 4 3 0
45:6 1 1 3 0
46:6 1 1 3 0
47:6 1 1 3 0
48:6 1 1 3 0
49:6 1 1 3 0
50:6 1 1 3 0
51:6 1 1 3 0
52:6 1 1 3 0
53:6 1 1 3 0
54:4 0 0 4 0
55:4 0 0 4 0
56:4 0 0 4 0
57:4 0 0 4 0
58:4 0 0 4 0
59:4 0 0 4 0
60:4 0 0 4 0
61:4 0 0 4 0
62:4 0 0 4 0
63:4 0 0 4 0
64:4 0 0 4 0
65:4 0 0 4 0
66:4 0 0 4 0
67:4 0 0 4 0
68:4 0 0 4 0
69:4 0 0 4 0
70:4 0 0 4 0
71:4 0 0 4 0
72:4 0 0 4 0
73:4 0 0 4 0
74:4 0 0 4 0
75:4 0 0 4 0
76:4 0 0 4 0
77:4 0 0 4 0
78:4 0 0 4 0
79:4 0 0 4 0
80:4 0 0 4 0
81:3 0 3 3 0
82:3 0 3 3 0
83:3 0 3 3 0
84:3 0 3 3 0
85:3 0 3 3 0
86:3 0 3 3 0
87:3 0 3 3 0
88:3 0 3 3 0
89:3 0 3 3 0
90:3 0 3 3 0
91:3 0 3 3 0
92:3 0 3 3 0
93:3 0 3 3 0
94:3 0 3 3 0
95:3 0 3 3 0
96:3 0 3 3 0
97:3 0 3 3 0
98:3 0 3 3 0
99:3 0 3 3 0
100:3 0 3 3 0
101:3 0 3 3 0
102:3 0 3 3 0
103:3 0 3 3 0
104:3 0 3 3 0
105:3 0 3 3 0
106:3 0 3 3 0
107:3 0 3 3 0
108:6 3 3 0 0
109:6 3 3 0 0
110:6 3 3 0 0
111:6 3 3 0 0
112:6 3 3 0 0
113:6 3 3 0 0
114:6 3 3 0 0
115:6 3 3 0 0
116:6 3 3 0 0
117:9 3 6 0 0
118:9 0 6 3 0.428
119:9 1 6 1 0
120:6 0 9 0 0
121:6 0 9 0 0
122:6 0 9 0 0
123:7 0 7 0 0
124:7 0 7 0 0
125:7 0 7 0 0
126:6 1 4 0 0
127:6 1 4 0 0
128:6 1 4 0 0
129:6 1 4 0 0
130:6 1 4 0 0
131:6 1 4 0 0
132:6 1 4 0 0
133:6 1 4 0 0
134:6 1 4 0 0
135:4 0 3 1 0
136:4 0 3 1 0
137:4 0 3 1 0
138:4 0 3 1 0
139:4 0 3 1 0
140:4 0 3 1 0
141:4 0 3 1 0
142:4 0 3 1 0
143:4 0 3 1 0
144:4 0 3 1 0
145:4 0 3 1 0
146:4 0 3 1 0
147:4 0 3 1 0
148:4 0 3 1 0
149:4 0 3 1 0
150:4 0 3 1 0
151:4 0 3 1 0
152:4 0 3 1 0
153:4 0 3 1 0
154:4 0 3 1 0
155:4 0 3 1 0
156:4 0 3 1 0
157:4 0 3 1 0
158:4 0 3 1 0
159:4 0 3 1 0
160:4 0 3 1 0
161:4 0 3 1 0
162:3 0 1 4 0
163:3 0 1 4 0
164:3 0 1 4 0
165:3 0 1 4 0
166:3 0 1 4 0
167:3 0 1 4 0
168:3 0 1 4 0
169:3 0 1 4 0
170:3 0 1 4 0
171:3 0 1 4 0
172:3 0 1 4 0
173:3 0 1 4 0
174:3 0 1 4 0
175:3 0 1 4 0
176:3 0 1 4 0
177:3 0 1 4 0
178:3 0 1 4 0
179:3 0 1 4 0
180:3 0 1 4 0
181:3 0 1 4 0
182:3 0 1 4 0
183:3 0 1 4 0
184:3 0 1 4 0
185:3 0 1 4 0
186:3 0 1 4 0
187:3 0 1 4 0
188:3 0 1 4 0
189:6 3 1 1 0
190:6 3 1 1 0
191:6 3 1 1 0
192:6 3 1 1 0
193:6 3 1 1 0
194:6 3 1 1 0
195:6 3 1 1 0
196:6 3 1 1 0
197:6 3 1 1 0
198:9 3 4 1 0
199:9 0 4 4 0.144
200:9 1 4 2 0
201:6 0 7 1 0
202:6 0 7 1 0
203:6 0 7 1 0
204:7 0 5 1 0
205:7 0 5 1 0
206:7 0 5 1 0
207:6 1 2 1 0
208:6 1 2 1 0
209:6 1 2 1 0
210:6 1 2 1 0
211:6 1 2 1 0
212:6 1 2 1 0
213:6 1 2 1 0
214:6 1 2 1 0
215:6 1 2 1 0
216:4 0 1 2 0
217:4 0 1 2 0
218:4 0 1 2 0
219:4 0 1 2 0
220:4 0 1 2 0
221:4 0 1 2 0
222:4 0 1 2 0
223:4 0 1 2 0
224:4 0 1 2 0
225:4 0 1 2 0
226:4 0 1 2 0
227:4 0 1 2 0
228:4 0 1 2 0
229:4 0 1 2 0
230:4 0 1 2 0
231:4 0 1 2 0
232:4 0 1 2 0
233:4 0 1 2 0
234:4 0 1 2 0
235:4 0 1 2 0
236:4 0 1 2 0
237:4 0 1 2 0
238:4 0 1 2 0
239:4 0 1 2 0
240:4 0 1 2 0
241:4 0 1 2 0
242:4 0 1 2 0
243:0 3 0 0 0
244:0 3 0 0 0
245:0 3 0 0 0
246:0 3 0 0 0
247:0 3 0 0 0
248:0 3 0 0 0
249:0 3 0 0 0
250:0 3 0 0 0
251:0 3 0 0 0
252:0 3 0 0 0
253:0 3 0 0 0
254:0 3 0 0 0
255:0 3 0 0 0
256:0 3 0 0 0
257:0 3 0 0 0
258:0 3 0 0 0
259:0 3 0 0 0
260:0 3 0 0 0
261:0 3 0 0 0
262:0 3 0 0 0
263:0 3 0 0 0
264:0 3 0 0 0
265:0 3 0 0 0
266:0 3 0 0 0
267:0 3 0 0 0
268:0 3 0 0 0
269:0 3 0 0 0
270:0 3 0 0 0
271:0 3 0 0 0
272:0 3 0 0 0
273:0 3 0 0 0
274:0 3 0 0 0
275:0 3 0 0 0
276:0 3 0 0 0
277:0 3 0 0 0
278:0 3 0 0 0
279:0 3 0 0 0
280:0 3 0 0 0
281:0 3 0 0 0
282:0 3 0 0 0
283:0 3 0 0 0
284:0 3 0 0 0
285:0 3 0 0 0
286:0 3 0 0 0
287:0 3 0 0 0
288:0 3 0 0 0
289:0 3 0 0 0
290:0 3 0 0 0
291:0 3 0 0 0
292:0 3 0 0 0
293:0 3 0 0 0
294:0 3 0 0 0
295:0 3 0 0 0
296:0 3 0 0 0
297:0 3 0 0 0
298:0 3 0 0 0
299:0 3 0 0 0
300:0 3 0 0 0
301:0 3 0 0 0
302:0 3 0 0 0
303:0 3 0 0 0
304:0 3 0 0 0
305:0 3 0 0 0
306:0 3 0 0 0
307:0 3 0 0 0
308:0 3 0 0 0
309:0 3 0 0 0
310:0 3 0 0 0
311:0 3 0 0 0
312:0 3 0 0 0
313:0 3 0 0 0
314:0 3 0 0 0
315:0 3 0 0 0
316:0 3 0 0 0
317:0 3 0 0 0
318:0 3 0 0 0
319:0 3 0 0 0
320:0 3 0 0 0
321:0 3 0 0 0
322:0 3 0 0 0
323:0 3 0 0 0
324:0 3 0 0 0
325:0 3 0 0 0
326:0 3 0 0 0
327:0 3 0 0 0
328:0 3 0 0 0
329:0 3 0 0 0
330:0 3 0 0 0
331:0 3 0 0 0
332:0 3 0 0 0
333:0 3 0 0 0
334:0 3 0 0 0
335:0 3 0 0 0
336:0 3 0 0 0
337:0 3 0 0 0
338:0 3 0 0 0
339:0 3 0 0 0
340:0 3 0 0 0
341:0 3 0 0 0
342:0 3 0 0 0
343:0 3 0 0 0
344:0 3 0 0 0
345:0 3 0 0 0
346:0 3 0 0 0
347:0 3 0 0 0
348:0 3 0 0 0
349:0 3 0 0 0
350:0 3 0 0 0
351:0 3 0 0 0
352:0 3 0 0 0
353:0 3 0 0 0
354:0 3 0 0 0
355:0 3 0 0 0
356:0 3 0 0 0
357:0 3 0 0 0
358:0 3 0 0 0
359:0 3 0 0 0
360:0 3 0 0 0
361:0 3 0 0 0
362:0 3 0 0 0
363:0 3 0 0 0
364:0 3 0 0 0
365:0 3 0 0 0
366:0 3 0 0 0
367:0 3 0 0 0
368:0 3 0 0 0
369:0 3 0 0 0
370:0 3 0 0 0
371:0 3 0 0 0
372:0 3 0 0 0
373:0 3 0 0 0
374:0 3 0 0 0
375:0 3 0 0 0
376:0 3 0 0 0
377:0 3 0 0 0
378:0 3 0 0 0
379:0 3 0 0 0
380:0 3 0 0 0
381:0 3 0 0 0
382:0 3 0 0 0
383:0 3 0 0 0
384:0 3 0 0 0
385:0 3 0 0 0
386:0 3 0 0 0
387:0 3 0 0 0
388:0 3 0 0 0
389:0 3 0 0 0
390:0 3 0 0 0
391:0 3 0 0 0
392:0 3 0 0 0
393:0 3 0 0 0
394:0 3 0 0 0
395:0 3 0 0 0
396:0 3 0 0 0
397:0 3 0 0 0
398:0 3 0 0 0
399:0 3 0 0 0
400:0 3 0 0 0
401:0 3 0 0 0
402:0 3 0 0 0
403:0 3 0 0 0
404:0 3 0 0 0
405:0 3 0 0 0
406:0 3 0 0 0
407:0 3 0 0 0
408:0 3 0 0 0
409:0 3 0 0 0
410:0 3 0 0 0
411:0 3 0 0 0
412:0 3 0 0 0
413:0 3 0 0 0
414:0 3 0 0 0
415:0 3 0 0 0
416:0 3 0 0 0
417:0 3 0 0 0
418:0 3 0 0 0
419:0 3 0 0 0
420:0 3 0 0 0
421:0 3 0 0 0
422:0 3 0 0 0
423:0 3 0 0 0
424:0 3 0 0 0
425:0 3 0 0 0
426:0 3 0 0 0
427:0 3 0 0 0
428:0 3 0 0 0
429:0 3 0 0 0
430:0 3 0 0 0
431:0 3 0 0 0
432:0 3 0 0 0
433:0 3 0 0 0
434:0 3 0 0 0
435:0 3 0 0 0
436:0 3 0 0 0
437:0 3 0 0 0
438:0 3 0 0 0
439:0 3 0 0 0
440:0 3 0 0 0
441:0 3 0 0 0
442:0 3 0 0 0
443:0 3 0 0 0
444:0 3 0 0 0
445:0 3 0 0 0
446:0 3 0 0 0
447:0 3 0 0 0
448:0 3 0 0 0
449:0 3 0 0 0
450:0 3 0 0 0
451:0 3 0 0 0
452:0 3 0 0 0
453:0 3 0 0 0
454:0 3 0 0 0
455:0 3 0 0 0
456:0 3 0 0 0
457:0 3 0 0 0
458:0 3 0 0 0
459:0 3 0 0 0
460:0 3 0 0 0
461:0 3 0 0 0
462:0 3 0 0 0
463:0 3 0 0 0
464:0 3 0 0 0
465:0 3 0 0 0
466:0 3 0 0 0
467:0 3 0 0 0
468:0 3 0 0 0
469:0 3 0 0 0
470:0 3 0 0 0
471:0 3 0 0 0
472:0 3 0 0 0
473:0 3 0 0 0
474:0 3 0 0 0
475:0 3 0 0 0
476:0 3 0 0 0
477:0 3 0 0 0
478:0 3 0 0 0
479:0 3 0 0 0
480:0 3 0 0 0
481:0 3 0 0 0
482:0 3 0 0 0
483:0 3 0 0 0
484:0 3 0 0 0
485:0 3 0 0 0
486:1 1 0 0 0
487:1 1 0 0 0
488:1 1 0 0 0
489:1 1 0 0 0
490:1 1 0 0 0
491:1 1 0 0 0
492:1 1 0 0 0
493:1 1 0 0 0
494:1 1 0 0 0
495:1 1 0 0 0
496:1 1 0 0 0
497:1 1 0 0 0
498:1 1 0 0 0
499:1 1 0 0 0
500:1 1 0 0 0
501:1 1 0 0 0
502:1 1 0 0 0
503:1 1 0 0 0
504:1 1 0 0 0
505:1 1 0 0 0
506:1 1 0 0 0
507:1 1 0 0 0
508:1 1 0 0 0
509:1 1 0 0 0
510:1 1 0 0 0
511:1 1 0 0 0
512:1 1 0 0 0
513:1 1 0 0 0
514:1 1 0 0 0
515:1 1 0 0 0
516:1 1 0 0 0
517:1 1 0 0 0
518:1 1 0 0 0
519:1 1 0 0 0
520:1 1 0 0 0
521:1 1 0 0 0
522:1 1 0 0 0
523:1 1 0 0 0
524:1 1 0 0 0
525:1 1 0 0 0
526:1 1 0 0 0
527:1 1 0 0 0
528:1 1 0 0 0
529:1 1 0 0 0
530:1 1 0 0 0
531:1 1 0 0 0
532:1 1 0 0 0
533:1 1 0 0 0
534:1 1 0 0 0
535:1 1 0 0 0
536:1 1 0 0 0
537:1 1 0 0 0
538:1 1 0 0 0
539:1 1 0 0 0
540:1 1 0 0 0
541:1 1 0 0 0
542:1 1 0 0 0
543:1 1 0 0 0
544:1 1 0 0 0
545:1 1 0 0 0
546:1 1 0 0 0
547:1 1 0 0 0
548:1 1 0 0 0
549:1 1 0 0 0
550:1 1 0 0 0
551:1 1 0 0 0
552:1 1 0 0 0
553:1 1 0 0 0
554:1 1 0 0 0
555:1 1 0 0 0
556:1 1 0 0 0
557:1 1 0 0 0
558:1 1 0 0 0
559:1 1 0 0 0
560:1 1 0 0 0
561:1 1 0 0 0
562:1 1 0 0 0
563:1 1 0 0 0
564:1 1 0 0 0
565:1 1 0 0 0
566:1 1 0 0 0
567:1 1 0 0 0
568:1 1 0 0 0
569:1 1 0 0 0
570:1 1 0 0 0
571:1 1 0 0 0
572:1 1 0 0 0
573:1 1 0 0 0
574:1 1 0 0 0
575:1 1 0 0 0
576:1 1 0 0 0
577:1 1 0 0 0
578:1 1 0 0 0
579:1 1 0 0 0
580:1 1 0 0 0
581:1 1 0 0 0
582:1 1 0 0 0
583:1 1 0 0 0
584:1 1 0 0 0
585:1 1 0 0 0
586:1 1 0 0 0
587:1 1 0 0 0
588:1 1 0 0 0
589:1 1 0 0 0
590:1 1 0 0 0
591:1 1 0 0 0
592:1 1 0 0 0
593:1 1 0 0 0
594:1 1 0 0 0
595:1 1 0 0 0
596:1 1 0 0 0
597:1 1 0 0 0
598:1 1 0 0 0
599:1 1 0 0 0
600:1 1 0 0 0
601:1 1 0 0 0
602:1 1 0 0 0
603:1 1 0 0 0
604:1 1 0 0 0
605:1 1 0 0 0
606:1 1 0 0 0
607:1 1 0 0 0
608:1 1 0 0 0
609:1 1 0 0 0
610:1 1 0 0 0
611:1 1 0 0 0
612:1 1 0 0 0
613:1 1 0 0 0
614:1 1 0 0 0
615:1 1 0 0 0
616:1 1 0 0 0
617:1 1 0 0 0
618:1 1 0 0 0
619:1 1 0 0 0
620:1 1 0 0 0
621:1 1 0 0 0
622:1 1 0 0 0
623:1 1 0 0 0
624:1 1 0 0 0
625:1 1 0 0 0
626:1 1 0 0 0
627:1 1 0 0 0
628:1 1 0 0 0
629:1 1 0 0 0
630:1 1 0 0 0
631:1 1 0 0 0
632:1 1 0 0 0
633:1 1 0 0 0
634:1 1 0 0 0
635:1 1 0 0 0
636:1 1 0 0 0
637:1 1 0 0 0
638:1 1 0 0 0
639:1 1 0 0 0
640:1 1 0 0 0
641:1 1 0 0 0
642:1 1 0 0 0
643:1 1 0 0 0
644:1 1 0 0 0
645:1 1 0 0 0
646:1 1 0 0 0
647:1 1 0 0 0
648:1 1 0 0 0
649:1 1 0 0 0
650:1 1 0 0 0
651:1 1 0 0 0
652:1 1 0 0 0
653:1 1 0 0 0
654:1 1 0 0 0
655:1 1 0 0 0
656:1 1 0 0 0
657:1 1 0 0 0
658:1 1 0 0 0
659:1 1 0 0 0
660:1 1 0 0 0
661:1 1 0 0 0
662:1 1 0 0 0
663:1 1 0 0 0
664:1 1 0 0 0
665:1 1 0 0 0
666:1 1 0 0 0
667:1 1 0 0 0
668:1 1 0 0 0
669:1 1 0 0 0
670:1 1 0 0 0
671:1 1 0 0 0
672:1 1 0 0 0
673:1 1 0 0 0
674:1 1 0 0 0
675:1 1 0 0 0
676:1 1 0 0 0
677:1 1 0 0 0
678:1 1 0 0 0
679:1 1 0 0 0
680:1 1 0 0 0
681:1 1 0 0 0
682:1 1 0 0 0
683:1 1 0 0 0
684:1 1 0 0 0
685:1 1 0 0 0
686:1 1 0 0 0
687:1 1 0 0 0
688:1 1 0 0 0
689:1 1 0 0 0
690:1 1 0 0 0
691:1 1 0 0 0
692:1 1 0 0 0
693:1 1 0 0 0
694:1 1 0 0 0
695:1 1 0 0 0
696:1 1 0 0 0
697:1 1 0 0 0
698:1 1 0 0 0
699:1 1 0 0 0
700:1 1 0 0 0
701:1 1 0 0 0
702:1 1 0 0 0
703:1 1 0 0 0
704:1 1 0 0 0
705:1 1 0 0 0
706:1 1 0 0 0
707:1 1 0 0 0
708:1 1 0 0 0
709:1 1 0 0 0
710:1 1 0 0 0
711:1 1 0 0 0
712:1 1 0 0 0
713:1 1 0 0 0
714:1 1 0 0 0
715:1 1 0 0 0
716:1 1 0 0 0
717:1 1 0 0 0
718:1 1 0 0 0
719:1 1 0 0 0
720:1 1 0 0 0
721:1 1 0 0 0
722:1 1 0 0 0
723:1 1 0 0 0
724:1 1 0 0 0
725:1 1 0 0 0
726:1 1 0 0 0
727:1 1 0 0 0
728:1 1 0 0 0

37:9 0 3 6 0.428 
0 3 2 1 / 9 6 3 0
ranked : 2
0.428 0 0 0.428 

118:9 0 6 3 0.428 
0 2 3 1 / 9 6 3 0
ranked : 2
0.856 0 0.428 0.428 

199:9 0 4 4 0.144 
0 2 3 1 / 9 4 4 0
ranked : 3
1 0 0.5 0.5 
chance adding done-----------------------------------
1
0
0.5
0.5
