시작점, 끝점을 받고, 둘 사이의 거리를 구한다.
양 끝에서 1부터 시작해 1씩 늘리면서 거리를 좁혀온다.
() 1 > 2 >> 3 >>> ...   ... <<< 3 << 2 < 1 ()
이번 턴에 각각 x만큼씩 양쪽에서 왔다면,
남은 거리가 4*x보다 같거나 작을 때 x의 증가를 그만둔다.
남은 거리는 kn = (kn-1 -1) or (kn-1) or (kn-1 +1) 을 적당히 택하면 무조건 4번으로 맞춰 넣을 수 있다.

ex)
0 300
1 2 3 4 5 6 7 8 9 10 11 12 13 14 15 (15 15 15 15) 15 14 13 12 11 10 9 8 7 6 5 4 3 2 1

0 299
1 2 3 4 5 6 7 8 9 10 11 12 13 14 15 (15 14 15 15) 15 14 13 12 11 10 9 8 7 6 5 4 3 2 1

0 298
1 2 3 4 5 6 7 8 9 10 11 12 13 14 15 (15 14 14 15) 15 14 13 12 11 10 9 8 7 6 5 4 3 2 1

0 297
1 2 3 4 5 6 7 8 9 10 11 12 13 14 15 (15 14 14 14) 15 14 13 12 11 10 9 8 7 6 5 4 3 2 1

0 296
1 2 3 4 5 6 7 8 9 10 11 12 13 14 15 (14 14 14 14) 15 14 13 12 11 10 9 8 7 6 5 4 3 2 1

...
0 267	<오류> <반례>
1 2 3 4 5 6 7 8 9 10 11 12 13 14 15 (14 13??) 15 14 13 12 11 10 9 8 7 6 5 4 3 2 1

0 266
1 2 3 4 5 6 7 8 9 10 11 12 13 14 (14 14 14 14) 14 13 12 11 10 9 8 7 6 5 4 3 2 1

==========================================================================================
시작점, 끝점을 받고, 둘 사이의 거리를 구한다.
양 끝에서 1부터 시작해 1씩 늘리면서 거리를 좁혀온다.
() 1 > 2 >> 3 >>> ...   ... <<< 3 << 2 < 1 ()
이번 턴에 각각 x만큼씩 양쪽에서 왔다면,
남은 거리가 2*(x+1)보다 같거나 작을 때 x의 증가를 그만둔다.
남은 거리는 kn = (kn-1 -1) or (kn-1) or (kn-1 +1) 을 적당히 택하면 무조건 2번 이하로 맞춰 넣을 수 있다.
남는거리가 x+1보다 크다면 2번, x+1보다 작거나 같다면 1번 더 추가된다.

반틈 잘라서 보면, 남는 거리의 절반이 x+1보다 같거나 작을 때 x의 증가를 그만둔다.
(x+1)/2과 같거나 크면 2번, (x+1)/2보다 작으면 1번 더 추가한다.

ex)
0 300
1 2 3 4 5 6 7 8 9 10 11 12 13 14 15 [16 (15 15) 16] 15 14 13 12 11 10 9 8 7 6 5 4 3 2 1

0 299
1 2 3 4 5 6 7 8 9 10 11 12 13 14 15 [16 (15 14) 15] 15 14 13 12 11 10 9 8 7 6 5 4 3 2 1

0 298
1 2 3 4 5 6 7 8 9 10 11 12 13 14 15 [16 (14 14) 15] 15 14 13 12 11 10 9 8 7 6 5 4 3 2 1

0 297
1 2 3 4 5 6 7 8 9 10 11 12 13 14 15 [15 (14 14) 14] 15 14 13 12 11 10 9 8 7 6 5 4 3 2 1

0 296
1 2 3 4 5 6 7 8 9 10 11 12 13 14 15 [14 (14 14) 14] 15 14 13 12 11 10 9 8 7 6 5 4 3 2 1
...

0 267	
1 2 3 4 5 6 7 8 9 10 11 12 13 14 [15 (14 13) 15] 14 13 12 11 10 9 8 7 6 5 4 3 2 1

0 266
1 2 3 4 5 6 7 8 9 10 11 12 13 14 [14 (14 14) 14] 14 13 12 11 10 9 8 7 6 5 4 3 2 1
...

0 257 <주의> (배열은 달라지지만, 갯수는 동일)
1 1 2 3 4 5 6 7 8 9 10 11 12 13 [14 (15 16) 15] 14 13 12 11 10 9 8 7 6 5 4 3 2 1

0 256 <주의> (여기서부터 갯수 달라짐)
1 2 3 4 5 6 7 8 9 10 11 12 13 14 [15 (16) 15] 14 13 12 11 10 9 8 7 6 5 4 3 2 1

0 255
1 2 3 4 5 6 7 8 9 10 11 12 13 14 [15 (15) 15] 14 13 12 11 10 9 8 7 6 5 4 3 2 1

0 254
1 2 3 4 5 6 7 8 9 10 11 12 13 14 [15 (14) 15] 14 13 12 11 10 9 8 7 6 5 4 3 2 1

0 255
1 2 3 4 5 6 7 8 9 10 11 12 13 14 [14 (14) 15] 14 13 12 11 10 9 8 7 6 5 4 3 2 1
...

0 242
1 1 2 3 4 5 6 7 8 9 10 11 12 13 [14 (15) 15] 14 13 12 11 10 9 8 7 6 5 4 3 2 1

0 241
1 1 2 3 4 5 6 7 8 9 10 11 12 13 [14 (14) 15] 14 13 12 11 10 9 8 7 6 5 4 3 2 1

0 240 <주의> (여기서부터 갯수 달라짐)
1 2 3 4 5 6 7 8 9 10 11 12 13 14 [15 () 15] 14 13 12 11 10 9 8 7 6 5 4 3 2 1

